R. 1444. 4444444444 111 4444444444. 647

,4414414441 4144444444 44444444, 4444444444. Dan 4 8444444444 4444
,444444444 84444444, 44144 Ρ444144444 M.OOCO.XLIIII.“

„I 444 8444444 1444444 biskup 4444444144, 144441444 44441144 1444- ’
,14444144, 444 4441444 11444444444, 144141 Η444441414 (Η444444)
,4844144144 (4414414444) 444444444441444Β4444444144, 4 444 Η44444
,4444444444 844444444444144, 144444 444444 4 14441444 panem 4444444 44
,44 444444 44444444 444444, 44444441144444, 4444444414 i 4144444414 w 444 444-
,4444414444444 Ι444Ρ444444414440444444144,41444444444Η4444-
,4444 4414444 14414444411144444414444, 4 4444 1444444 444444444444-
,44 4 brabia Ρ4444444144, 844444 4 Ρ41444 (Ρ414444) 44441144 144-
,444444 11144441 044444 4844144444144444 44441144 14444444, 44444414
,44444444444114444414, 4444444 1444444 8444444144 (simigiensis),
,Ρ44441 444 4444 11444444· 14444444 (4144144444), 844444 044-
,444 4 014444, 4444444 44444414 1441444144, 444 414444444, 444441
,Η444441414 4 84414444, 4444444 4 Tau, Danoh 4 4144444444,
,4 8414444441444144 4 Τ444 4, 1444444 w 144444 4444444444, 44 44444 44-
,4444444144444 4 44444414444 4444444 44 4444444144, 44 444444 4444444, 44444
,4444444444 414414 44444444 4444444444 Κ4414 4 14444444 4414444 44444444 444-
,1444411444 Dan 4414 44444 4 4. 4.“ Pan J 44 44444444 44 4444444444444
444444 4 4444444444 44441 4444444444 444444; ,44 4441444 44 44444 44444444
,1114444444 4444444 444 444 44444, 4444444141) 4444 444 4444444· 44444444444
,4444444444

141444 4144444444 444444 4444444444 4444414444 1441444 8144441444νί 44444444
44444444 1441444

Τ4 4414 4444444 4 44441144 4444444444 44 1444444414 4444444414 4 Ρ414-
14444 4444414, 14444444 44414 444 44 4444144 444444444444444144144441444444444-
4444444 4444444 4 4444444444441444 4 144414 4444444 4444444444 4444444 4444444444.
24441444 444444 44 44444 8. Β44414444444 44444 44144 44 Ρ444414444,
na 44444444444444444444414 44444444 4444444 44444444 44444 1444144444, 4414444-
1444 4444144 44444 4444444· 44 11144444 4144441444 444144441111441444-
4144444 4 4444 4 Ρ4144, 1444444144 14441444 4444444414 4444444444 441444
444444, 4 4444444414 44, 444 444441 44 Polski. Κ441444444444444444444 4444-
144444 44444444, 4441414444 4444444444144444144444444Κ441444441444-
44, 4444444 444444, 44 Ρ4444144444, 4 44444444444444, „ie 44 4444444444]
,44444444 4444444 Turkom 444 4444444.“ 44444444441444441484444- ’
4444, 444444 444 0444444 4444444444 4444114444, 4414441, 444 Ρ4-

4. 444444. nmio 44444. xa. m 44

 

