542 1131111311111111 3331313313, B. 1438.

[nimian 111113 1311111, 11111111 11111111 1113111313 11111131131131111111111,
3111111111 119 1 1131111311 113 111331.

Ρ111131113, 331331131311111131313 1111331 0133111311, przy wyborzo 111311
113 11113 3313131331 3131313133, 1111111333 1111 Wegrzy i elektorowio 31133311
333131113131. 1311111 1131113111 11113113 1111113 Rzymskiego i 1133131-
3111333, 3111113111 jogo 1131113111 1 11333311131111111 ρο11311331113111, inni 3311111-
111313133, 31313113113331131111331111131131311333,1111111311
lat 113 311 3333 13333333, 11131313 0333111111 31111111. 0111111113 3113ηηί31111
31131111 3131113111 31133 1131131113 3333131113 3113113111 3 1311113133, i do 11111-
13313 11311311 3331331311. 131131 31111111131131313313 Kazimierza 1131113-
113113,1111111311111 11311311 1 3113311111, 11113131 3111131311 11111131 0333111311,
1331313131 1133131113, Η311111111111131113113 (3333313333), 1311 Ρ31-
31113111, Β1311311311, Β13111331 1131113111, 3313131133 1131313311
0 jego wyborze, i 3133333 33111113 Wladyslawa 111313 1131311383, „uby
„bratu swojemu pozwoli} przij6 11313113 0333113.“ 111111 1113113131
11311111111333111 zjazd 1111111111 1131311 1111311313 11 1113113111 13131313
1131331313, na ktory przyzwa} 333131113111111131311, 11313131 13311131311311
11311311 31131311, 3131133331131133131Ρ1131111313 1 Konieopola 1133113
13133333313111383(1311333313 313111133311313133131113113111333,
jako glowy 1313131331131111311 1 najoelniejszego radoy 33131113331111113111311,
„ooby 111131 3111113 11 13111111 133131“ (1111 11133 13111333 3131331311 11 No· ,
116111 13131313, 11113111 11313111 111333 11111 1111113, 1 1311113113 11331113 3113111
1311311313 311333131331. 113313313131331, 11113131 1131313111 11333113331 Zie-
1331111 1 1113113133, 1111111 3331111313 na zjezdzie byli 31133111, 3111311311,
,313111 1111133113 (1333111333, 11111111 1131331131111 31313133333 1131111, 313
„i 133313111313 3313133333, 11131311131131111113111113 3131133331, 1111331313
,13 31336 jedna 11313113 innego 3111313 1131313313.“ 1133313113 Ζ ygmunt
11131111 1131313 1111311311, 11113131 111111 13131313133313313333131311131111111131,
a 3331111313 31, 11161311 byli (1313133131 1 1131133131 1113111, 3133311311 za 1111113-
. ciem 1131331330333111333,11313331131113113111113, 31311133, 13 3131311
3111131113 13113 1131113, 1113 mogliby by& [1331333111311131131113 1331133113 3113-
3113113111111113113111311, 1116131111 3313311311. Przemoglo 11133 11131113 11311, 1113131
13113111 11131136 berlo (13331113, 3 tego szczegOIniej wzngdU‚ 313111 do jego
3313311311331333311311316 1113113111 1111113111 Rzymskiemu i 113ςί31-
, 3111311111,11111131133313111311 spokojnie 11113 3331311113 Ρ31333 1131331113,
111331313131311311113111133 tem grotniejszym i 3131313133311131311111 1161331113
Ρ313111311111. Ζ13] 1313111 11113ςίΚ33111113113311333311111313111113111113-
wem 13131313 11111131 113111 1113133133 (1333111333 111111 133 Wlady·

 

