48 1111110111 11011110. (01410.

1110100001 10110101 1010111010, 1111 11111011 1011001 (1101111 110110 1101101-
1100101011οἰ 11101001 1101111100101 1010101 010 0110110110100 1011οε 1010
1011011 0011010 1010101011100101 1101001 1100111. 11101 1011111, 101010
11101 1011011010, 101111 111110011111 10010110 1100010111 1101110 11011011
01101010111111111101 11110101 110το1100 1 1110011111, 1101111
Ρο1010. Sam 100101 01110111 0110101 010 1 0101011111001011011111111. 001-
1101011111 1100110 11111; 11010111 (110101110101011010110011, 111
0101111000 1101101110, 010011101100111101011; 1110110110 01111 1001011,
10101011101011, 11010011 00110 01011 100101 0101011 11111, 1 11111111
11011111, 10101011101011, 011010011011110, 11101 011111010111011111
jego 10101010. 10110, 11110101 10110101011111110011οΡ01011000, 1101111
110111011101011110111(111011101011111011011010111011101111
1101010, 0111101110110110101011110111101;10111011111101110-
11110111 1101110, 101111 10101010 1101011; 101 10101010101
110111110011011,1011110100101,Β1011001111011011Β10101,
0101111101 1011011110111 11110101111, 1101111 111011010; Ηο11111 Ro·
0010 1101110 1111010010, 101111 1010101111 111100110 Ρο1011010; Zbi·
01101110110, 11111 11101 11101110 111101010; Ρ1011 11010101011
(1010101011) 1101001 1 11011110 110101110010 11100111 1 00110 1100101111 polu
1101111111, 11111 herb po polsku 10110 010 . . 1011000, 101 80101
110011,1110111111011.1101011011011111011,11011110101011101-
011, 101101111011 010 011011 Bogu 1011010, 1110001 101011 1101110111 101-
011011 Ρο1011111 1 111101011111,’ 01110110100 010010 10110, 1 1101101111
0100101100 010 1111110, 0 10111000 010 01111 1 10110 1 101011 1110101111
1011111111οο, po 11010 1101 10101101( 1 111111011 10110101 11110 01
10100111.

1110111110 110 111111 111111010111111 1111101111.

1111111011010110010 101010, 10110110 101010 1111010110 1011111010
110110 11011 01011010 Βο001011100, 0 101111 110111001010111 1011110111
10110010 1011111. 110 101010 1111010110 1 1011011 101010010110111-
110, 1111111001011111111111 111011, 01011010 11011101011011111001010. 111
11110101 101101010111 1111110110 101011ος0, 011101101111110, 1101110-
01010111 1 1100110111 010111001011 111101011000, 111 go 10101 1 11001111
101111101, 1010110100, ,011 011110 10010101 1 1111101111 010 0110110111
,10101101 1010111011; 11011110111111111101, 11111 010 111 (1010110001
,00101110110111.“ 101101010111 10110101011 1010 1011, 1111011101010-
101οἱ0 11101 10 10011101000 010 101110. W 101 001101 0111111, 010110 101010

 

