111418. 1111111111 11111111. 199

11111 11111111, 1111111 Ρ11111 1111111111 w 111111. Ρ1 1111111111
1111111111111111111111111111Κ111111, 1111111111 1111111111,
11111 111111, 11111111, 11111111, 1111111111, 11111111 isio-
1111 111111 11 1111111111 Ρ11111, 111Κ111111 111111 1111111111-
1111111 1111111111 1111111111. ΖΚ111111 1111111 1111111Κ11111, 111-
1111111111Β1111111; 1111111111111 1111111111 1 11111111 11
11111111 11111111, 1111111111 1111111 1111 11111 111111 111111111111
111 1111111 11111111 111111 S. 1111111 11 111111111111. Ζ 1111111-
111111 111 na 11111111111 111111 11111 1111111 1111111, 11111 111111-
111 11 (1111111, 11111 111 11111111 1111 1111111 11111111111111 1111111-
11 1111111 111111 1 11111111 111111. 111111111111111111 11111 1111111111
11111111 1111111111 1111 11111111111 1111111Ρ111111,11111-
1111111111 1111 1111 11111111, 111 1111111 11111111111111111111111
1111111111 11111111 111111 111 11, 1111111111 1111111111 111111111 1 Κ11-
1 1111111. 11111111, ,1111 111111 1111111111111111111111 1111111111-
³ ,11111 1111111111 1111 111111 111111, 1 111111111 11 1111111111, 1111111111
,1111111111 1111111111 1111111 1111111, 1111111111 111 11111111 111111 11111-
,11111 11111111 1111111111 1111111111111 11111111111111 1111111111, 111-
,11111 1111 1111111111 11111111. 111111 111 11111111 111 111111111111111111
,11111 11111111111111111111 1111111111, 111 111111 111111 1111111111, 11-
,111111 1111111111, 11111111 11111 1 111111111 111111 1111111111-
,1111.“ 1111111111111111111 11 Ρ111111111, 111111111111111
·’ 1111111111 111111, 1111111111 1111111111 (111111111111111,11-
11111111 111111111111, 111111 1111111111, 1111111111111
1111111111111, 11111111, 1111111111 111111 1111111111 1 1111111111
11111, 111111111111111111111111, 111111111111111111111, (11-
111111 1111111 1111111 1111111111, 11111111111111111111111-
111 1111111111 1 1111111111 111 1111111) 1111111111 111 1111111111
111 1 11111111 1111111111 11111 1111111 1111111111, 1 11111111 11111-
111111 1 1 1111111111. 111111 11111 1111111 1111111111111111111111111- ¹
1111 1111111 1111111 S. 111111, 111 111111 111111 111111 11111111,
11111 1 1111111111 1111111 1111111111 1 1111111111 11111111,
111111111111 1111111111 1111111111 11111111111 111111. ΖΡο-
111111111111111111111Ρ1111111, 11111 11111 Κ111111, 81111,

11111, w 11111 S. 111111 1111111111 111111111Ρ1111. 11111111
1111111111111111111111111111111, 11111 11111111 111 1111 11111 po-
11111111.

 

