0111001 ’110111 1010110 01101011 [0110010 0111101 (100101010101110010100
-011011 0 (01101110 01111) 101 [01011 1 01101101011 1 01011000
10111011010101100 (11110011 [1100 0110011030111 1 0101001010111111111111

10101001001110113 011 111101013011 1111101011 ι11111110110111010 .

0110111 1110100 011011101111 1100 1 0110110101 1 0110111010 0101000 1 01011
-01 01101 01010301 111011100111 0100111 0101011011 11011011 101 1 (03
-01101013011 1 0301101011 01100111110010101101100110 1101101 03011101
-0111111011011 0101001101 01010001 0001111011 s 110111) 110101010111)

’11111110 101010 0011100101 ι1111111110 101010010011 .
1111011001 0110110110 0301101011 0101011011 011 ’0001013011 1 100101 0110111

011111 01) 010 101111 03011 011011 ι0100111 0111 1 1101111 (11101011
ι111111110110 0110100011 1 1011 1010110111 0110011001101001
-10110011011111 4100111101 11111111 0110111010 01110111 10010011 1 1111000 01101
-010001 101011110100101011011103010111 ι1111101011 1110100 1 1110101010 1
01111001 111011 11301101 111010 11101101 1 1110111010 ’1110110001 00111101 0001013
0110110100 11001010 1011111 01001 1110130110 01010101101111 [01
-01 1110100 0301 10011010 01011011) 1110111 011 [010100110110 0101001 110
(11011111011010010 101010011011 1010100111 111101110 10101 011111
-301 0301101010οΜ 1 0301101011 01111 010101 1 0110111111)οο 1
010<030110101 10110111 10101101101010111 ι110100 03010010011 111
-10101 1101110001 011 ι11010110101101010111100011 ι10110111 1110101111
10101 1 1101101 1110111 0301101ος 01001010 01011011 1 03011011
0101101 1 ι0301101101 0101011001 (0101010111) 0101011111
0101101 ι0301101011 0110011111 01101010111 01101111 1 010113111
1111010101(03011010111011103 0101010111 1 0101011111 1 030110
-10101110101101 1 0101 10111101 ι0301101010111010101100101
0100111 03011010101110011011001011100101001010111011111011
1101111 1101011100 (10130111 op 01010111 1010101111 011101 11010101 0011110111
ι1010100 010 001011 101 0111) 030110101110111) 00110110010 010101
-111 ί1010110100 1001101101010 ι11111010130 11 1110100 11110101010 1
010 0110111110100 011) (1101 01 101001 11111 1010010111(100101011011010
100111 1 011001111 1001010οο 10010101 11011 00 ’1000111010001111
010 1101101 000101 0110100 1 1001010 0301101011111 1101101 1 0111)

’111001 1111113011 1 “
1001010101 1110110301 111 ’1013011 011 11110 101010 110001 1110010111 11111

· 11110 ’01111011 1010111111 11111

 

