1. 1411. 1111111111 11111111. 109

11111111 1111111111111 111 11111111 1111111111,111111 1111111111 1111111
stada 1111 111111111111111111111111111 111 1111111111.

111111 11111 111111, 111111 11111111 Τ11111111111 1111111111 11111,
11111 11111111 11111111111 broni 1111111111111, 111111 111 11111111 111111
11111 111111111111111 111111111111111 11111111, J 11111 Β1111111111,
111 11111111 111 0 111111111111 1111111, 1111111111111111111 11111111, 11
w 11111111ήοί11 11111111111111111, Ρ1111 1111111, 1111111111 111
’1111111111 11111 11111111 Pruskiego i 1111111111 1111 1111111, 111111
111 1 1111111111 1 1111111111111111111111111111, 111111111118111111
111111, 1111111111 1111 1111111, 1 1111111111 111111111111111111, 1111111

111 11111 1111111111 111 1 11111 11111111 11111111 11111111, 11111111 11111, .

1 1111111111111 11111 11111111111111 11111 1111111111 1111111 1111111111.-
Ρ11111111 111111 111 11111111,1111111 11111111 1111 pogna} 1111111111.
811111 11111111111111111 1 11111111111 111111 11111111111111111111111-
1111 1111111111 1111111, 1111111 111 111111 11111111 11111111 1111111. 01
11111111 111 111111 1111111111, 11111111 111111 1111 111111 11111111111111,
1111111111 11111111111 111 11 1111111 11111111 (11111111 111111111111-
111111 1111111111 1 1111, 1 1111111 1111 11111111, 11111111 1111 11111111 111-
1111111111, 111111111111 111, 111 11111111111111111 11 1111111111; 1111111111
11111111 1111111, 1111111111 11 1111111111 1111 11111111. 11111111 11111 111111
1111111111, 11111111 111 1111111111 Ρ11111ό1, 111111 1111111 1111111
11111 111111111 go 1111111111, 1111111 1111111111 1 111111 111 Β111111111,
1111111111 1 11111 11111111 111111111 11111 11111111 11111 111111111111-
11111 1111111 1 Ρ111111. 1111111111111111 11111111 11111111Ρ1111111-
go, 1111111111. Ρ11111, 111111 1111111111 11111111, 111111111111111
1111 1111111111111111 1111111 1111111111 111111 111111 1111111.

[111 1111111111, 11 11111111 Alexandra wiolkiogo 11111111111111111111, 11111111
111111 1 1111111111 1111111111 1111111111 1 1111111111.

Po (1111111 111111111111111111111 11 111111 1111111111 11111111

11111111 11111111, 1111111111111111 1 11111111 1111111 111111 1 111111, 111- “
1111 11111111 1 1111111 1111111 11 11111111111111111, 111111111111111111 >

1111 1111111111 Ῥ111111111 111111111111111, 1 11 11 111111 Alexandra
wiolkiego 1111111111 11111111111, 111111 1111111 11111111 1111111111 111-
11111 1111 1111111111 1 11111111111121111111 11111111 111 11111 11111-
11111. (111111 111 11111 1111 1111111111, 111111 111 1111111111 1111 1111

 

