1 1. 1421. 1111111111 11111110. 259

s Ζ111111111111001110 111110111 11111 nimi, 11101111111110111111101 111111.
11111 1111111111 111 1110111110, 11 01011 110 1 1011 1 1011111111Ιο 110-

¹ 11111 11101 nim 10111111, 111111 111111 0101111; 1 11111111 11101111] 1101110

1011111, 110111111111011111111111, 11011011110111 111111, 111 10111111

1 1111111 1011110111, 111101 1111101110111101111111101, 1 1011111111101110-

11011 0111111111 1 1011111111 10110101111; 1111 11111 11111111 111 111-
· 11111 1111111, 1 1 11111111 1111111111 1110111011011111 1 110111110101111011
g 11111111. 1101111111 11111, 11111101101101111101111, 111111111111 1 111011-

1 111, 11111111 101111 111111111111111. 11111111101111110111110111100111, 1111111
ζ 11011111 sie 1101101111, 10110 11111101 1110101110111101011. Sam 11111111-

’ munt 11111110111, 11111111111 1111 11100 1111111110101, 1 0011110111

, 111 111111 11010 111111110 111111 10 1111111 1110111011010 Β1011

(11111011101), 111111 101110 11111111 11111110. (11111 1 101111010111
101110, 1011111111· 1 1111111111· 11100, 11011110 011111111110111110, 01110-

, 1111110111 1111111111 11111011101101111111111. 1111111111 1011] bitu-ie

1111111 11111110 1011110111 0110111 1110110011 Β101,1 1111111111,
111 nim 1111110111 011 11111 1111111111 (11111111111011 11001 1011111110]
0111111110 111 0111111111 01111111) 1 10 1111 1 1111111 1010 11111111111111101-
111011111111111111101111.1111111111111111111011, 1101111011111,
0100111 11111 1111101, 1111111011 1111110 0110111,1111011111111010111
1111011, 0111111111 1111111, 11 nie 1111111011 1111011110 1011010111 spo· ’
101011 1111111111, 1110111110111 11101110111101 1100111 111111 1111111111,

; 111111 1111111101 1011101111 111 10 111011111111010 Β1011,·1 011110111

0111111111 1111111011 111111 1111011, 10111101111 11101011 10101111, 1101111
11111 broni} 1ο 11111111 1 11111111 01 1111111111101 (1110111. Ale gdy 11
111111 1111111101 1110111111 1111111110101 1111110 01110111, 10111110 1111-
111 (11111010 11110111101Ρο11111110, 1111111111111001111111011111- »

² mi, (1101111111111111101111111, 1 0111011110101011111, 1111011101
, 1111111111111111110110111111111. 11111011010111111111 11111110

1111011011111 1111111111 11100111110 1011 1011010111 1111111110 1111011110
1111111111 111111 Ρο11111010 1 01111 11111010, (1101111. 11111,
11011 1101110110 01110111101011, 1111111111 1111111 111110, 00111 11111011
1111111111111011, 1 110101Ι 111111110111 10011111101111111 101 10101011. 1110
11111111111101111 1111110 011111 ani 101111811111011, 11110110111, 011

111111 1111111 11111101111110111 1 1101111110 11111 1111111111 11101111110 .
1 0111111111. 811111 1110111ἱο 11111110 1111111111 Β101,1111101110111101101-

111011 101111 1111111010 11111111 11110. Ρ110 110111101111 11111 10111

1 111110111111 1111 1 1101111 1111111111 1111101 11011110 110011111, 1001
‘ 111 1111111110 11101111111 11110 1111111101Ι 11000, 1011101111 0111110111

10111111 111111, 1 11011 111110 1100111 10101110.

 

