9
2

f

229921 (9392292922 M 99229292 92929922 2929929221 2999922 op 292999
299292922292 9292929922 9929992999 [92229229 2 2929222922 222 2 292999
(2299222129 9292232922 292 2 9292 9229299292 22922 M 9292922 ,222922
-92 9299299922 92 229222 (299299 2992222 29222 9 (922292 2292299 9292999292 2“
92922 [92929 99229292 92 (29229229292999 29929221 922292 op 9292292 2992229(
292 2 2229222 292929299229221922 2 292929 2 93 9292222992 229 92929 229“

’ 9922921 9392299 922 9922 92 2922299 [os 222922 929 292299 92922 92292999α

99992292 9299 ’929292 po 229292 2292992 2922 22292992 99 2292929292 9292922
-992 9922929929 ι92992392 222922 2922992222 op 292299 mu 9222299992 2 ‘mnf‘
-2922 299299 2 9222299229 929292 92 99 99299 (93929292 299 92 92292292 ‘mr‘
-929 9292922929 929 9922299299 9 4922999299 92929922 9929299292 9929 92222993α
9922 nul 22222929 5922992291 [922 op 929293 ί9229292299 9229992) 2 [os 9229299221“
92 99229 9299929292 929 92292299 op 292992 9292992 229292 939299 9229992“
-od ! 2292 2 292 SM) 922922 2 92292 292 29929 92 9229292292 9292292 93922
po 922 92929922 92 29229222992292 2 2922929999 9299 2922929222 222992
2292229292 2 929229 [foas ,992292 92292922229 9292299999 929 9292992992
2929292922 929 2 (922222 2 92929299 939299 2 92922922 229299 22992 2929 922“
-292 9 29229292 2922992222 92299292 29229222 9229229229221 929 ‘finos‘
-92 op 03 92292992 2299 2292 2 22929222 2922 292292 22292392 ·292ο2“
2292299 2 2299222 222 22992 2292929299 ,999922 ι92992999 2 2992292999 222(
2292292 2292 2 2292922922 9292222999 [99922 69299229299 9929292992 229222
92929922 nm 22999922 922299 99922 ’2999292992 292 9223921 22922 M 929292α
99929922 929 222229 92929292 229292 29292 2929292229222292 922929 98 229222
-93 9292922 M 9299292922 22992999 2 92929 (92929 22 (9299221 922 92( ε292999
292229229929 2292929222 9229292 29223222 2292292229 922 2222 93922
po ezozsos 929322 292299 ί2292222992 29292292 22922 M 929292 929 2229925992κ
ι2992992 922 22222 22229929 op 229292 99222 2292922922 (922929 ι92922 299922
-92 922 929292 929299 29922292 2999929292 29922929 op 99299299 2922 92292
92992 22922929229222 222292 4922299229( ’92992992 9222922 2 922299 22 229299
-92929 ’2992292192929299929929299229 9222 2229292992 9992922922 292 92992992“
op 9292299229 nm 222929 9229922 [qv 5929292 nm 2292992 2922922 9999292α
2 ’99992 292922 9222922 99922 2922 9 29 99 29 aff 92
-92999 22929922 2929229222 „modo 222929 922 nopes 2299 [qv ‘'esvlvfflez 2“
922 92 929 92922992 2222 [pfl 2 4299929292 9992 929 2922299299 922 9929 “eq
-2921 2 ι29292922 2 9222222922 9292922222 2 92993 2 92929222 2992
92 (22292922 29222) 9992292929222 99929292 9292232922 op 229222
292 22922 M 929292 292992 2292992 ,9229292292 op 2229229 2 9922999229κ
9292232922 929 ι29299999 2922 9922 92929292 2292299 922 9292922 922 29*
Mod ι9222992291 29292 29229222 2292 9229292292 222 22922992 922 22929α
2222922 292292 292 [qe ι9392292929222 99229292 9292292922 922222(

22222 2 92222929 2229292222 082

 

