89 'lx '¹21 ”HM 3202121 'mmm 'r
-22222 2222 92“ 2229229229 2292222229 9222 (9222292 9392 92 92 ,22929924
922992222229 9 9222922229 2 92292929 9292 929 222229 229299 9229222 2 ι9229κ
-292222 9229292292 2292 22 992922 (229 929222 ι229229 22922222 92929292 2“
22922222 9222922 29292 2 22322292 292 2 29292292 92 ι2929222222 ’2229222
222222 222292292 22 92222 9229229399 9299 92 29222922 922222 9229299922
292 92 ί2222229222 9292221 ι2222292229292229 2222929292 2229222 22292 2222922
222 ι2222292 222 92292222 222 2 2 2292922292 29299 2232 2222922
-222 92292922 222 22292 222929922222922 229222 2 2222222222 2 2229922292ι
292992 2229229 ι2292292 92292 922929 2292292292 229“ ε922292292 M 22222
2292292 2229922 2222292 22229292 22922222 22292 2 (22929299 2 2222992922 929
222 (229922 29292 2 92229222 229222 2922922292 92223 2 2229292222 2222229922
22922222 2922922229 292 29292 ι9922 92 929 22222 2292222292 229222 2
22222229 929292292 22 92222 29 22929292 ’9222229 22929222 9292 ,22922
-9229 92 929299 9222292 922292292 22 2229922 2922292 92 2922922222
29229 2 ι9322292 292 29922 9222292 2222292 2 2229222922 22929 2 22222292 2299“
22222 2 2222222222 2222 92“ ε2292992 222929922 9222229229229 (2292222 2 929

¹ 9229222222 92 ,,·929292922 229299 2292929222 222922922 999229 (2292922222

22299 22 22222222 22292292 (2922229222 2292 2292292 2929222223 2292922*
929 292929 9222229292 9 93222 222 92222 9 ι22229922) 9229922222 92922222κ
2222 922922 223 229299222 ί9229299 2222 22 22292922 2 2922222 92 22922
929 222 2922992222 9392929 29292222 2299222 22222299 ι9229299922 929222
-929 93922 92 22222922 2 ι932299 2 22922222 222929 93 222999 222922“
9222 2222 229“ 29292299 292292 22 2292292 9299229322 29222 92929922
ι929299 29392 92222922292 229299 292222 2 ι929229992 292292299 22292222
29222 2 929299 93922922922292922 929222 ,2222929 ι9292 999292222
9229222 22 9222922922 ι922222 2 9392 932292 ι9392292 922292 229299
922929222 2229299222 (2922922222 92992929 9222222229 ι2222292222 22922222ί
29222292 ι9292292 29292 f 22929292 229 92 2222229 2992 9222“ ε92929 92 92293
22 22929222 2299923 2222292222 2 92222292 22222 Ξ222222 92292922 229 1²
2292 29392292922292 929299 939229 92292222 2 92929 9229299922 229222922
-929 29222922 22922 2929292229 od ‘qogfflod 22222 22922 2 93 9229292
222 292292 22223222 ί22292 9222922 2222992222 2922 239
2929229929 2 ί222922 22 2229292292222 92929292 2 (92992 23222 929222
-9222 2 ι29922222 22222 29 92929 9229222 ,2 22 22222222 9299292292 229292
-9222 22292222 99292 ι2922292292 2922 292292 922222292 92 229222 2
ι2222292292 2929222922 ι22922922 2223 2 222922 22 229292 29222
2229222222 (2292922292 292922 29 f ἐ 22229229 92929922 222 9229299922
’29292292 2292922292 92222 22929292929 9222 22922 22922222922292 9922929 22
22229229 22292992222 od 22 2922293222 292222 222292 22222 9 222392 ’2292922
-9292929 2229922 9229922222 9299 2 (2292992222 92222222 9392 92 929222

299 ’92222922 2229222222 92222 Ἦ

 

