1. 1431. ’ 1111111111 111 1111111111. 537

11111 1111111111111 1 1111 111111 1111111111 11111111 111111, 11111-
111111 Μ1111111, 11111111111111111111111 11111 11111111 Κ111111,
11111 11111 1 111 11111 1111 11111111 (1111111111111, 1 1 1111111111 11111
1111111111 1111111111 1111111.

11111 w 8111111 1 1111111 1111111111 11111111 1111111111 1111111111
1111111 111 111111 111111,

W 1111 S. Jadwigi i 1111111111 1111111 111 1 1111111 81111111,
w 111111111111 111111111111111, 1111 11111111 1 11111111111111,111-
11111 1 111111111111111111111 1111111111 111111111111, 11111 11111111
1111111 1111111111 1111111111, 1111111111111 111111 111111 11111 1 11111

111111111111111111111111, 11111111 11111111 1111111 1111111111, ,111 ·

,11111111 11111 11111111111111.“ 1111 11111111111111 111 11111111111111
11111111 1 1111111111111, 1111111111 1111111111111111111111111111
1811111111111111111111111111111111, 1111111111 Wojnie·
111111811111(81111) 1111111110111111111111111. ’11111111 1111
1 111 111111 1111111 1111111111111,1111111 1 11111111111111 1111111111111
1111111111 11111 1 1111111111 1111111111 1111111111 2111111111, 111111,-
11111 111111111111 1111111 111111111111 1111111111111111111111Κ11111
1 111111, 1 111 111111 11111111 11111111111111111 1111111111 111111.
111111, 111111 111 2111111 111111 111111 11111111 1 111111111111
11111111111111111 111111 11111 111111 111111, ,11 1111111111111111111111-
,11111 111111111111, 1111111111 j 1 1111111111 1111111111 11111111
,1111111111 1111111111 1 111111 1111111111 11111111 1111111111, 11 111111111
,111111111 11 1111111111 1111111111, 11111111111111111 1111111.“ 11111
11111 tego 111111 111111 11111111 Zygmunt i 111111111111 111111 11-
11111, 111 11 111111111111111 1 111111111111111111 11111, 11111111
1111111111 1111111111 11111 Polskiego. Po 11111111 11111111111111111
11111111 8111111111 11111111, 111111111111 111111 11111111111111111111
211111111111111111111111111111 1111111111(111111111111111,
21111111111111111Κ11111111111,11111’111111111111111811-
1111111111111111111111811111111111111Κ111111111,1111
111111111, ,111 1111111111, 1111111 11111 1111 1 ich 1111, 11111111111111
,1111111111 1111111121111111 1 1111111111 111111111111, 11111111
„nanim 1111111111, 11111111111111 1111111111 1111111111111111.“ Wy·
1111111 111111 111111 21111111 1111111111 1111111111111111111111111111
111111 111111111 111111 11 (111111, 111111111111 111111111111111111. 111

po 1111111111 1111111111 1 1111111 1111111111, 1111111 11111111111111111·
J. Dium. 1111111 Polffle. 1⁸. m ⁶⁸

 

