61426. 1166666666 66616660. 313

w 161601 6661116101 66161611, 16 61060 sie 6616161, 616 66166616 1016161611
1 66161 0116066161 1666 1 1661616116. 11666666610161616161016 6101166-
6161 10166361616 101611666101 11611660661661111616; 1 616 61616 66616610

sie 161101, 111161 1001661016 1 0116161006 1111666116 6101611 sie 016601
16111666 06111, 6161161606610160 1066660166, 1 06011616 160661 616116 10-
16111 66 0616, 1116666161 1616661 60106166616 616 10 1066111016 61661611666116-

30 66 66611101.

2 01611 1001116101 1 6101161 1661660 1111011061 6111110616 1161161066 611·
' 66161166.

Na 111616 61611616 1106101116, po 61616 6616161601 1 [0611016116
6661661610616611161 010116660161, 6111611161 1116116166016 1111666 Ρο1-
611616 161116616611666611616 1111011616 61610661610 1611610611-

¹ 616616, 6611161060, 16166161610110160661 1010116661 16301 Alexandra 1611-

&ecia 6116161106 01616111 1616116061 1 66106061 1116116106, 1 6666011166

, 1630 01161066616. 16101 6161660 6 1660606630 616616 10 Alexandra Wi-
’ 10116 66 11161 1113616116 1161616 166106611630, 110116 866-

· 116116 101106016630 Κ16106611630, 1101661616611011166 166616-
1666 Β16011030 1 11101616 1666616011630 1166166 161166611630,

’ 6 01616106661616 ,16 1611 1 6161661666 1111661116, 616 106 661610616 610061-

,61630 1161161οτ66 6666116306111611616161, 60 661016 1 661666361616166,

¹ ,1016011 163061111616111616; 611 wien 666161 00611 16611166166161011

,11116 1 1111661116 60116 611616106666, 11166 6111666 01661661 66161 166161
= ,1611061 1 1111166166 1116660111 166101116011, 6 616 16161 611061 1601016161
166061, 61661616161610611066616116161661651 Ρ1611660 106106 61606616,
. ,6116366111 1616111016 61611166 06161 1106161011, 611666161611066110116161-

, ,60161111616661666611661661061, 16116666161116110611111166166, 1611

3 ,111611 0161630 1011666151 Ρο6116 1161111161 10 ’1101 161611116166-
, 1611111011 1661111 6661611666 06016 1 6116611601 016. 1661161116016-
10111 1161610111 111161611666 16661 6166 666616 6111161 16161116116166-

’ 661666 1016116 1116661161 61160161 0 1610 mile 66 1111160 66 161
“ 6110116616. Pomm 661 6616 6166611 6 1066661 61166630 1616166630 31016,

1611666 61166630 661616 1061161 1660606101 106116. 11136166 biskup
1 1166106611,1610110661006616166, 11666 1161 161 0131616661 6 61630
³ 611661 1611111016, 1 1630161, 116161016161616166 6166066, 11161 16161616-
1 rem 66161101 1616160616, 6661611101 616016160101 6166611 w podziwienie‚
111116666616660 611 w 66161116616 161 31611161 106101661 16061. Ρο661 ·

’ 6166630 616 6661110661, 6016661106666166016 1630 1116 6160066. 81616116 ’
s. mmm. num· 66661, n. n. 40

 

