1. 1412. 1111111111 1111111111. 111

Siedmiogrodzkiego, 1111111111111111111111 111111111 1111111111-
wic 11111111111111111 11111111 11111111 1111111111111 1111111 Pol-
1111111 111111111111, 11111111, ,111111111111 11111 111111 111111111111,
11111 111111 1111111 11111111 11111111.“ 0111111111, 1111111111, 11111
111111111111 1111111111 111111111111111 11111 1111111111 111111 11111111
11111111111111111.111111111811111111(111111111111111111-

111 od 11111 11 81111 1811111111), 1 111111 1111 111111111. 1111 111
11111111111111Ρ.11111 11111111111111 11 1111111 1111111111, 111111
111111 11 1111111111111, 1111111111, 11 go 11111 1111111111111111111
111111111111111, 11111111 1111111111 11111111, 11111 1111111111 1111111
111111 1111111, 1111111111111111 111111 111111111 11 11111111. 11111111
111111111111111 111111 11111111, 11111111111111111, 11111 11111·

1111111111111111111111111 1111111111111, 1111111 111 11 111111111111 ·

1111111111111111, 1 11111111111111111 1111111 11111111 1111111,
11111111111111 111111 111111 1111111, 111111111111111111, 11 Κ111-
11111, 11111 111111111111111111111111111 111111111111. Sam 11111111
1111 1111111111, 111111111 11111111111111111 111111111 Β111111 sei-
111111111111, 111111111111111 11111111 1 1111111 Ζ 1111111111 1 Lu-
11111111. 1111111111 1111111111 8111111 111111 1111111111 1111111 postu (Lae-
tare) 1 111111111111 Β11111111 11111111111111 1 1111111111 111-
111111111 111111111, 1111111 11111111 11111111 1 111111 11111111, 1111

· 1111111111111111111111111111111111111111111111111111111-

11111 11111111, 1111 1111111111 11111111111 1 111111111, 1111111111 go
do 1111111111 11111111, 11111111111111111 1111 1111111111 11111111111.
1111111111 111111111 sami 111111 111 1 1111111111111111 111111 11111111-
11111 111111 111 111111 1111111 111 11111111, 11111111111111111111111111
11111111 11 11111. Α 111111111 8111111 111111 1111111111 111111 111111111111-
1111111111) 11111111111111111111 11111111111 11 1111111, 1111
11111111 1111111 11111111 1111111 go, 1111 1111111111 11 1111111111111
11111111, 111111 1111111111 111111 1 nim 11111111. (1111111111 11111111 11-
111111111111111111111111111111111111, 111111111111111111111-
111 11111111 1111111, 111 111111111111111111111111111 1111111111
,11111 111111111111111 111 1111111111 1 1111111111111 111111111111111111
,1 1111 1111111111, 111111111111111 Ν11111111111111Β11111, 111111111 11111-
,111111111 111111111 1 111111111111, 1 111111 1111111 111111111111 11111
,11111111, 1111111111, 11111111111111111111 1111111 111111, 1111111111111
,1111 bez 11111111111111111111111 1111111 1 11111 111111111111 111111111-
,111 11111 111 111111111 111111, 1111111 11111111111 111 mogh, 111111 11
,111111 1111111 111 11111111. 00 do 11111111111111111 111 1111111111 1 11111
,11111111111111111111111 1 11111111 1111111111 1 111111 111111111111111111111.
111111111111111111111Η1. 111111. ’ 16

 

