,,·9399999999999 939999999999999 9399999999 939999999 9999999999 99999
9999999 939999999 9999 (9999999999 9 9999 9999999999999 999 93999999 9“
9399399999 999 ’99999999 9399999999 9999999 9999999999 9999 99999999 999
99999 9939999999 999999999 9 99999 99999 999999 9 9999999999 9939999 9399*
-od 9 99999 9999999 9999 9999999999 999 99999999 999999 99 999 9999999999
9999999 999 9 93999999 999 9999999999 9 9999999999 999999999 9999 9999 9
999999 (9999999999 99999999 999999 999 99 999 9999999999 9 999999 999999ι
99 93999 9 9 (999999999999 999999999 399999 9 (93999 99 9999999999 9 999
ι999999 9999999999 9999999999 ι9999999999 9999 9 999 9999999999 999999 9 9999
-99999 99 99 (9999 9999 9 999 99999 99999999 999 9999 (9999999 (999999 ,99999
999 999) 999999 99 99999 (99999 9 99999 9999999999 999 999999 99999 999
9999999999 99999999 99999 9999 9999 999999 (9999999999 999999999999 (9999*
-9999 999999 99 999 99999 999 9999 99999 9 9999999999 999999 9399 9999κ
99999 (999999999999 9999999 9999999 9 999999 999 9999999999 99999999 99999
-9999 99999999 99 9999999 9 9999999 ι99 9999399 9999999999 99999 9 ’,99
99999999 9999999 99999 ί9999999999 ι999999999999999 (9999999999 (999999999999ί
(99999993 (9999999999 9999999 9 999999 9999999999 9999 ι99999 99999999 99999
-od ‘¹8qu 9999999999 99999 9 9 99999999 9999999999 od ‘muas 99999 999999
99999999 99999999 9999 9999999999 9999 99999 (99999 9399 99999999999 99999
-99999 ι9999999999999 9999999 99999 ι999999999999 99999999999999999 (99999999
-999 ι9999999999999999 ι9999999993 (9999999999 9999999999 9999999 9 9999999
9999999999 999999 9999999999 9 ι9999999 999999 9 99999 9999 999999 9 ·99“
-999 999 9 9999999 9999999999 9999999 99 9999999 9 999999 9999999 99999
9399999 9999 99 9999999999 999999 9399 99 99999 99 ι999999999993 v ·9999“
999999999999 9999999 99 9999999999 999 (99999 999 99999999 9999399 93“
-9999999 9999999999 99999999 999 99999999 9999999999 999999 999 99999 9 (9999994
-999 99999999 9999999 999999 9999399999 ί9999999999 9999999999 9999 9999 9“
999999 99999 (9999999 99 9999999999 9999999 9999999999 9999999 999 999999
-9993999 9999999 9399 999 99999999 99999993 9 9 (9999999999 99999993 9 99
-9999 9999 99999939 999 9999999 (99999 9999 9999999999 999999 (999 99 ἐ999“
9999999 99939 99 999999 9999999999 999 ι99999399 99999 9 9 9999999 99999999
99999999999999 9 9999999999 99999999 9 9999939 9 9999999 9999 9 99999999
999999 ‘go 99 999999 9999999 9999999 99 9999399999 99999 9999999 9 9999
-99999999 99 993999 993 9999999999 9999999999 (9999999999 9999999 99 9999999999
9999939 s 9999 9999 9 999999 99999 99 (9999999999 99 99999999999 (999999
9399 99999999 99 ε999999999993 9 999999 99999999 99999 999 99999993 999999
-99 9 9999999999 9999 *99 99999 9999 9999999999 9399 9 ι9999999 9 9993999999
-99 99993999 99999399· 99999 9999 9 9999999 9999999999 999999 99999999
99999999 99 9999999999 999999 9999 99 9993999999 ι999999 9 999999999 99999

969 “ ’99999999 9999999999 · 21ss -a

 

