meYszAw J mmm.

[1111111 11111111 1111111 111111 ι 1111111111.

1111111111 1111111111 Kowalskiogo 1111111111111111111111. Idzim
1111111111 11111 1111111 11111111111111111111 1111111. 1111111111
111 1111111111 Ρ11111111, 111 1111111111 11 11111111, 11111111111111111111-
11111, 11 Κ1111111 1111111111111 1111111111 1111111 11111111, 111 11 1111 111-
1111111111, 111 1111111111 1111111 1111111111111 11111111 1 1111111 1111111111-
11111, 1111111 1111111111 1111111111 1111111111 1 drugie 1111111111 1111111-
1111111 ku Radzyniowi‚ gdzie 1111 1111111111 11111 1111111111111 111111
1111111111. (111 11111 1111 11111111 1111111111 1111111111 11111111111111 1 111-
1111 1 nim 1111111111, 1111111111, 1111111 1111 1111 1111111111111111111 111
11111111 111111 11111111 horu, 1111111111 11 1 1111111, 1 1111111111 jak mgla
1111111, 11111111 1111111 1111111111, 1111111111 1 111111111111111111111 1 11111111
1111111111. 1111111111 11111111111111 1111111111 1111111111 11 pogoni; 111
111111 11111111 11111111111111111111111111111111, 11111111 11 111111 1111111111
111111 1111111111 w Popowie.

111111111111111111111111111 1111111111, 1111111 1 1111111111 1111111.

W 81111111111111111111111111]1111111111111111111111111
1 11111111 1111 1111 11111111, 111 11111111 go od tego 1111111111 1111. Ρ1-
1111111 11111111 w Toruniu 1111111111 111111; 11111111 1111111111, 1111
111111111111111111111111111111 1111111, 11111 11 111111 111111111111111
1111111111 111111. 1111111 111111111111111111111 11 1111111, 1111111 po
prawoj 1111111111, i 11111111 1111111111 11111111 1111111111 11111 Κ111-
1111111, 11111 11111111 111111111έοί Ν111111111 N. 111111 1111111111 1111111
11111111. 111111111111111111111111111111111111 1111111111 1111111111-
111, 1111 1 tego 11111111111111 mu 1111 1111111 11 1111111, 11 11111111 11111-
11111 111111111111 111111 11111111 11111 1111111. 1111111 11111111111111
111 111111111111111111111111111111111111111 1 1111111111 11111111 ’1111111111
Gala 11111111 11111111 11111111111 1111111111, 11111111 1 11111111.

[mim 111111 1 11111· 1 1111111111 go 1111111 1111111111.

we 11111111, 1111111111 po 11111111 1111111111 N. Μ1111 1111111111
1111Ρ11111 11111111111111111111111111111(111111111111, 11111111-

11111111 1111111111 1111111111. 11111111111111111111 111 11111 1111111 1111111-
1. mum. 1111 rome. x.. x1. 11

 

