1111111111 1111111 11 1111111111111 11111111111113111111 1111111111
1111 1111 1111 ί1111131111 1 1111111111 1111111111 1111 111111

11111 11 1111111111 11111 1111111111 1 1111111111111111111111 11111 1111111111

11131111
11111111111111111111111 1111111111 111111 11111 111111111 111111 ι111
-111111 111111111111 (11111111 1111111111 1311111111 1111 11111111 11111113
1111111111 11111111 ι1111111 11111111 ι1111111 1111111 1111 11111111111 1111111111
11111111111111111 1111111111111111111111311111111111111111111
1111111 11111111 1111 (11111111 11111111111111111111 1111111111 11111111 1
1111111111 111111111131111 1 1111111111 1311111111111 11111111111111 1
1111111 111 111111 ι111111111111111111111 ι131111111 11111111 ί1111111
1111111111 11111111111 ι111111 1111111 11111111111111111 11111111 11113
-111 1111111 11111111111111 1111111111 11111111 11111111 1111111 1111
-111111 111111 11111111 ι1111111 11111111 11111111111111111111111 1 (111111
-111 1 11111111 1111111 1111111111111111131111 11 1111111111 1111111
111111111 1111111111 111111 11111111111111111111 1111 1 1111111111
11111111 11111111 1 111 ι11111111 11113111 11111111111111 1111111111
((1111111111111 1111111111) 11111111111111 11111 11111 1111111111111111111 -
111111111111111111111111111111111 ί1111111111111 s 1111111111 11
ι111111111111111111(1111111111 11111111 11111111 111 1111111
Ι1111111111 111111 od 11111111 111 11111111 11111111111111 1311111 1111111
-11 1111111111 111111 11 11113 (111111111111111111 1111111111 13111111111
1111111111 g 1111111 (1111131111 11 1111111111111 111111111111111111
111111 1 1111111 1111111111 1 (1111111 111111111111 1111 11 1111 11111
11111 1111111 1111111111111 (11111111111111111 11111 111111
11 1111111 1111111111111 11111111 11111111 11111 111111 11111 ι1111111
11111111 ι1111111111111111 111111 (1111111111111111 11111111 1111111111
1111111111 111111111111 1111 11111111 1111111 (11311111 11111111 11111111 ’11111111 1
111111111111111111 1111111 111111 1111111 1111111111111111111111
-1111111 ι1111111111111111111111 111 111111111111 111113111 1111111 ;1111
111111111111111111111111111111 ι1111111 11111111 113 1111 ’111111111111111
-111 1111 111111 111111 111111 11111111 1111 11111 1111111111 11113111 mes
[11111111 111111111111111111111111 11111111111111 1111111111 1111111 11111
1-11111111111111111111111111 ί1111111 1 1111111 1111 11111111 1111113111
1111111111111 131111111111111 ί1111111 1 1111111 ί11111311 111111 13
-1111 11 111111111111 ι1111111113111111 11111111111 111111111111111 ι1111111111
-111111111 111111111111 1111111111 1111 1111111 1111111111 11111111111

, 909 ’1111111111 111 1111111111 11111 11

 

