1. 1415. 1111110111Ι 11011110. 115

110111 111111111111111110111111 1111110010, 1011110111 11 1 11110
1111110111111110111111101 0101011011 110111, 1111110101 1111) 1011111101 10-
1101111,110101111101111 1111011011 11011101· 1100111 11011 1101111010

1011111101 1101111111 01111111. 011111110 11111111 1111110111 111101
11110 1011111110101101111 1 11111 111111 Ρο1111011 0100111 10 Κ11-
1011 1 11111 110111 1 11111101 1111011111 11111101 111 1111111010 111111
11011110 1 1101111101 10111111111 1101111 1111111110 1010111111.

1111111111 1111 1011111 1111111011 1111011 11111111111111010111 1111011111,
1 1111111111111111 1111110 1111111 1111110110.

Ζ 1101 1111111111 111111111111111 1101101011, 1 101111101110
Alexandra 11110111 111111110110111. 111 10101111 1111111111·
0101 110111110111 01111101 10111111 10 1111011110 111010 11110
11101011. 1111110111111111101111101110111 1011110 11111011
11111111 10111 1011111101, 1110110111101111101111111111111
1011 11101. 1111111101 1100111111111101110101111, 10111111
(11011111), Κο01011, 1011010 101100110, 11 11101 1111011111 Ν. 111-
111 Ρ1111 11111111 10 111111,1111011111111 11101 111 01011, 110111 11
1111011111, 1111111010110101, 01111111, Κ10010 (Κ100110)
11111111110111110110111101. Ζ 1110011 11011 811011 1111011111
1011011 1111001 10111111110101, 1101, 8110110, 1110111-
11011, 11101111, (111011, Κ111111111, 11101100, 1111111110
1111011111, 11110 0110101111 111110 1111011011111. 111111. 11 111111-
0101011111 go i 1111101111 1111011 1111 11101 1010 111110 1111 sie
10 Ρ11111011, 1 111111011 1011011111110111101· 1 1101101111
(1011001111), 111101· 11111011 1101111 11100111111111. 111011 111
1111110111 111 11011001111011, 1111111 10 11010 1100111101 11 10110110
1101011101011111111110111111111011111110111Κ111111,1010-
11011111111 1111011 11111110 00 1 11011111111 011 1011111010 1010 10-
10111111 111111111, 0101111 1111111 ,01 1111111101111111, 1 1101111 01
Alexandra 11110111, 11111 1 101101111100111110 11111, 10011011
1111101111 11 1101011110 1111110111 1111101 111 11111010 1 111111101
111101 1111110111 1 1111111111 1 111 111011 1011011111011,
01111111 101111 1111111011 0 101110111011111111110111, 1101111111011

1111 0011 11101 111111111111011111110, 1 111110111010 11110110 1111- Α

100110 1 1111111111. Κ1111111110111 1110111111 Rue, 1111111 1111. 1111-
011 10 1101010110, 1 1111 11011 111111 111 10 11111. 11110111
1111111101 1101111011 1111101111 11111011 1111111111, 111111 111 1110110111
1111111010 0101101111 1 1111110.

 

