554 1111111111 111 1111111111. 11438.

1111; 11111 111 11111111 1111111, 111 11 1111111111 1111111 1 111-
1111111111111111111111111, 1111111 111111 11111111 1111111111 111111.
1111111 11 111111 11111111, 1111111 111111 11111111111111, 11111111
111111 1111111111, 111111 1 11111111 11111111. 1111111 1111111111 1111111111
11111111, 11111111 111111. 11111 (1111111111 1111111, 1111111 11111111 po
111111111, 1111111111 1111111111 1111111 111 1111111111111111111 11
panio. (1111111111 111111111111, 11111111 1111 11111 111111, 1111111111
11111111111 111111, 1111 111 1111111111111111111111. 11111111 1111111111
111 11111111, 1111111111 1111111, 11111 1111111111, 111111111 111
1111111111, 1111 111 111111 1111111111 ,11111,11111111,1 1111 11111111
111111; 1111 1111111 11111111111111, 11111 1111111111111, 1111111111111111
111111111111, 1111111111111111111.“ 1111 11111111111 1111111111, 1111111
. 11 1111; 1111 111111 11111 111111111 111111 1 1111111 111 111 11111111,
1111111, 1111111111111111111111 1111, 11111111111111 1111111, 1111111111
= Widok jej 1111111 1111 11111111 11111111111111111111111111. (11111111
11111111 11111111, 111 11111111 11 1111111111 111 1111111 11111111, 11111
1 111 1111111 111111, 1111111111 111 11 111 1111111, 111111111111111111
’11111111111111111111 11111 11111 1 1111111 11111111111111 11 111111
111111111111111111, drugi 111 1111111111 11111 11111111 1111111111
1111111. 111 gdy 11111 111111111111111 1 1111111 11111111, 1111111111 1 111
1111111111, 11111 11111111111111111, 11 111111 ,01111 111 1111 1111-
111111* 111 111111111111111 1 11111. 1111 ,1111 11111 111, 11111; 11111
1111 1111111111111 11111111 111111111 tego 111 1111111111,1111111
111111111; 11111111111111, 111111 11111111 ’.111 111111111111, dodel:
,011 11, 11111111111111111111111 111, 111111111 1111111, 1111111 11111·
11111111111111 1111111, 1111111111111 111111111111111 111111 1111111
1111111, S. 81111111111 11111111, 1 11111111111111111111111111,
11111 1111111 111111111111111111111 1111111111 1111 S. 111111111· 11111
11111111111 1111 111111 Bogu Wszeohmoonemu 111111111 111111 11 1111-
11111111111111. 1111111111 1111111, 111111 1111111111 1111111111 11111
1111111111, 1 11 Wo 111111, dani 11111111 1111111111 11111111111111111111
11111111111111111111, 1 1111111111 111111111 111 11111 11111111 1111-
11111111111111111 111111. 11111111 111 111111111 w dniu 11111111111,
1 1111111111111111111111111 Rodzicielka, Panna Β111111111111 111111,
1111111 1111111111111111111. Wiedz 111 1 111, 111 111 1111111111 111111-
11111111111111111 1111 1111111 11111, 1111111 1111 1111111111111111111
11111 111111111111 111111 11 11111111 1111, 111111 11111111 1111111111
111111, inni 111, 1111111111 1111111111, albo 11111111 111111 11111,
111111 111111111 11111111 1 111111111 111111111111111; 111111 11 111111-
111111 111 1111111111, 1111111 111111111111111 11111111111, 1111 11111111

 

