111111111111111111111111111 1111111111 ’1111111111 111111111 1111111111111
-111 (11111111 1111111111111111111111111 1111111111 111111111111111 111
-11 1 1111111111 (1111111111 1 11111311 11111111111 1 11111 111111 11111111
-111111 1111111111 1111111111111 1111111 1111 1111 111111 111 1111111111 111
-11111111 111111 1 1111111 1111111111 ι[11111111 11111111 1111111111
op ι1111111 111 11111111 1 (1111111111111 1111111 po 11111 1111 1 1
ι111111111111111111111111 1111111111 111111 11111111111111111111
1111111111 1 1111111111 ί11111111111111 11111111 ι11111111111111

1111111111 1111111111 1111111
111111111111111111111 1111 1 1111111111 11111111 1111111 1111111111 11111

1111111 11111111111111111 (1111111111111 11111111 1111111
-11111 ’1111111111 ι11111111111 111111111111111111111 ι1111111111111111111
1111111111 6111111111111111 1111111111 1111 1111111111 1111111111
1111111111] 1111111111 11111 1111111111 1111111 11111111 11111 op 131111
-111111111111111111111111111 11111111 1 1111111111111 1 ι11111111
111 111111 111 11111 1111111111 11111111 11111111 1 11111111
1111 1111111 1 (1111111111111111 11111111 (1111111 [1111111111 1 11111111
1111111111 ι111111 1111111 11111111 1111111111 11111111113111 111
1111111111 11 ·1111111111111111111111 111111 111111111111 1111111111 1111111
1111111111111 11111111111111 1111 13111 111 1111111111 11111111 111 111111
111111111111111111111111 1 1 1111 1111111111111 111111111111 ί111111
1111111 1111111 1 11111111 utu 1111111 (131111111111 1111111111111111
111111111111111111111111111111111111311111111111111111
111111 111111) 111113111111 1111111111 op 1111111111 1111 11111 1
1111111 ’11111131 111111 111111 111 1111111 11111111 ι131111 1111311
1111111111111111111111111 1111111111111 11 1111111 11111111111111 111111
11111111 1 ’11111111 1111111 131111 11111111111111111111 11111111111111 ι1111
1111111111 1111113 1111111111111111111111 1111111111 Ι111111 1 (11111 111111
1111111111 1 1111111111 1 1111111 111111111111 111111111111111111 11111111
1111 111111 ’1111111111 1111 1111 1111) 111 1111111111111131111111 11111
-111111111 pod 11111 11111 1113111111111111111111111111 1 ι1111111111 1111
-111111111111111111111 (11111111 od 3111111111 1111111111111111 111111
-11111111 1111111111 ι11111113111111111 s 1111311 1 ί111111 11

11181 op 1111111 1112111111 11111 111111 ’1111111 1111
11111 111111 1111111111 1’111111111 11111111111111111111 1111111111 1111

111111 11111111 1111111111 111

 

