6. 1438. 6666666666 111 6666666666. 543

6166 (116 66666616 6161661 brata sw0j0g0 666161 (16 066616 (166616 666666-
616666666166166166,8661616666 6 06166666616666661166611666
6 ’166666686616661666161666 6666666166, 666166, 66616666661616666666616,
6666166666 im 6666666 666661 6166666666 1616 ; 6666666 6661666 6666616,
66166116 161666666616 066666, 116666 Κ6616616666 16661666 616611, 6666111
6 6666616616 616 06661 6166666666 6661116, 6166661616 stronnictwo 666661666
616 66661616. 0666616 Ρ61616ό6 66 66 616666666616 61661 616666 1 666161166ε
66 16616616 666616166161 6666666 1 66666616666 616 666661616 im 66616 66-
661661666166166 66 6166666166666 66666, 6616 616166 6666166616 616 im 61666
666666666666 661666 1 161166666166661666166661, 6616661611 66666666 (166666,
161666 gnie 616 1 166616 6661 61616666 66666 66666. 111116 6666166166 6661666
1666666616 616 661 66661666 666666616 6666166 1661166166 0666161666, 16666
Zbigniewa 16161666 Κ661666161666; Ι616 6166 66661666166666 rada
61166616 616 66616666661, gdy 6666666 1661 16616111 (161666, 6616616616
1 6616611166. Ν16 16116 6661666 Zbigniewowi 116166661616 66666616 616
666666616 1616 1666666166 1666666066616166, 6666161 616 66, 66166 16161666
1661611611, 6166 616666661666166 6 06661661 66 6666616 6661616616 61666.

1666161666 6666666 1116616 16 0161661666 16116161611666.

1166611661 1166666161 1 1166166611 (1661616166666 616, 1611661-
661666 6 6166661 666616 016166166616616Ρ61611666 66666166616
06661616, 666161 do 1166166616111661661666 16616 6166616 666166,
Β161166 66611 11616616 1116666, 1 1666 1161661166 0666166, 6666666,
1666666 66 661616 Ζ6616616 1166166 S. 6666166666 616 11666666, 66616166611
6666661ι ,16 krolestwo 0666116, 661-16 666666 1666 6666 01111616,
,66166 66616666· 06666616 6661611 (1661616611, 66166 66616616 66 6166616666
,6666666 1 6666616666 1661166166 0666161666 6 domem 616616 66616116, 661
,66666616 66 66661616 661616 166616166666 666666, 66666 616 6616166161 Ρ666111
661666ε ,616 66616 666666 Κ661661666661 6666666666 go 616 (16666161,
,6 6116661661 16 66166616616166· 166666 616 666666161661; 11166 66666666
,6666616116 66616 116616 16616, 1616666 116616616666 do 666166 6666611,
,616161616616166666 616 6666666616 mu 666661661666616. 16161166 666 616

,66666161 616666 66 1666666 0666166, 1666666 mu 66161616 6616, 666 61666 ’

,6 616666 616 66666616 mu 616 6666666166.“ 1116166166 krol, 66661616666 616
6 6661661, 616661616161 6661666 6 ten sposdb: ,1166666661666661 6666661166
,61616666 6 6166 16166661 6666666661 6166666 6666666666 616 616 (16, 16 66
,66616661 Ζ 66666616 6666616, 66166616 1 6166661616 661661 0666161616 brata
„mojego Κ6616616666 16661666 666166 6166611, 1 6166 661666 166 6666661 666666-

 

