-000 00 000000 000000 0000000 0 000 0000000 000000000000000 ι0030000 0000000
00000000 00000ῑὶ0000οα 0000 000 00 00000 0 0000000 00000000 0000000010 3000
000 00000 0000000 0 00000 00000 0 00000000 ι0000000000 00000 0000000 000001
0000 0 (0000 0300000000 0000003 00000 000000 000000 00000000 000000
0000000 0000000000000 00000 000 0000000 0000000 0300000 000000 000000 0000000
-000100000000 00 0000300000 0000000 0000 0 00000 000 (0000003000 ί00οΒ
-000 0 0000000 0000000000 00 4000 00000000 ι0000000000 00000000 0000
0000000000οη 000 0030000 0 ι0000000 000 0000000010 0000000000 030000 0000000
ι0000000 0 0000000 00000 0030000 00000001 0000000000 0000000 00000001 000) 00000
0000000 0000010 00000 0 00000 000 ‘Rom 0000000 00 0000000000 0000000000 0
‘uod 0 000000000οᾰ (030000 000 0000000000οᾶ 0000000 (0000000000 0 00000001 000
003000 0000000000 00000000 00000 00000 00 0 ι0000000000 000 0000000000 00000
00000000 0000 [0000000000 0000000000 000000 00 (00300000 000000 00 0000000000
0000000000 0 0000000 000 000000οΓ0000οη 0 000 0000000000 00 00000 00000 ι000000
000000 000000000οο00 00000 00000 00 0000000000 00 0000000 0000000 00000000 00
ι0000000000 000 000000 0000000000 00000000 0 [000 00000 0 00000000 0000000000 003
000000) 0000000000 00 00000 000000 0000000000 0000000000 000000 ’0000000000
0000 0000000 00000000 000000 0000000 00000 00 ι0000000000οᾱ 0 (00000000
00000000 [0000000000 000 00000 0000000000 0οΓ 0000000 00000000 *0000000
030000 00000000 000003000οοοἰ ’000000 00000000000 00000 0 0000000000 000000 ·
0000000 600000000 0000000000 0000000000 000000 00 000 0000000000 od

0000000000 000 000000 ’00000000000000000100000000000 00 ’0000000 000 Εο000 A
00000000 ’00000000 000000οε0 0000000000 00000000 00000 0000000000 0000000

0030000000 0 000000 00οΓ 000000 000 000000 0000000οω000
0000000000 0 0000000000 000 000000 00 0000000000 0000000000 0 00000000 00000
-000001 0 00000000 09 00000000 0000000 0000000 000000 00000000 0000000 00 0000000
. 0000000000οᾶ [00000 0000000000 0 [00000 000 0000000000 00000000 000000 (000
00000000 0000000000 0000100000 Εο0000000000 M 00000000 0 00000 0000000 00000
-00 0 00000000 00000000 00000000 0000 0000000000 000 0000000000 00,
’0000100 000 [0000000000οα
0000000001 00 03 [qv ι000 0000000000 ι0000000000 00000 603000 00000 600000
00 0000000 0000000000 0 000000 60000000οΙ 000 03 0000000000 600000000 000
-vad ! 000 00000 0000 0000000000 000 000000 ι0000000 00 00000000000 000 00000
00 ι0000000000 0000000 000000 0000000000 60000000 000 00000000 00000000 0
0000000 000 00000000 000 000000 000000 000 000010 000 000 mu 00000 000οι00
0000 0300000000 0000 00003000 00000 00 ι0000000000010 0 “s 000000 0000000000 >
-pod 00000 00 0000000 ι0000000 0000000000 0000000000 (0000000 000000 0 000 00ος

-ffil Ἥ ’000000ον0 0000000000 Ζ9Ι

 

