280 1111111111 11111111. 1. 1422. ·

11111, 1111111111· 1111 11111111 111 1111111111, 111111111111111111111,
1111111 11111111111111111, 1111111111, 111111 111111 1111111111 1111111111,
11111 1111111 1 11111111 11111111111. 11111111111111111111, 1111111111 11111
1111111111 111 11111111 11111111 1111111111111111, 111111 1 11111111 1111111 1111111.
Agdy legli pod 1111111111 11, 111111111111111111 11111111 11111111111, 1111
1111111 Β1111 (111 1111111111 1111 11111111111111111 11111111111111111111
11111111111111 11111111111111 1 1111111) 1111111111 111111 111111111111111111111
111 11111111. Β1111111111 1111111111] 11111111 1111, 1 111 11111111 111111 1111111,
Κ1111111 11111111 1111111111ιί 1111111 111 po 11111111 1111111111 1 1111111.
2111111 1111111 111111 1111111111 11111 11111111, 1111111111 1 1111111111,
Ρ1·11111111 Β1111111 1111111111 1 111111111111. 11111111 111 11 11111111
11111 1111111 1111111111 Γ11111111, 11111111 1111111111 111111111111111111.
Ρ111111111111111111111111111111111111111 1 1111111111111111 111111111, 1111111- ·
11111 111111111111 111 Β1111111 1 1111111111 1111111111. 11111111 1111111-
dano 1111111111Κ111111ό11, 111111 11111111 1111 1111111 11111 11111111.

11111 1111111111 111111 zanek 11111111.

111111111111, 11111111 S. Β1111111111111111111, 1111111111 11111

Ρ11111, po 1111111111 (11111111111 111111, 11111111111111111 1111111111
111111 1111111111Κ1111111111181111111 (8111111). 1111111111
1111111 11111 11111111111111111111, 111111111111 1111111111, 111111 111111
1 111111 1111111 niego 1 111111 1111111111. W (111111 81111118. J 111 (1111111-
11111 11111111 1111 11111111 1111111111, 111111 go 111111 1111111. 1111111 0le-
111111 11111 11111111 1111, 1111111111 1111111111 1111111111111111111111111.
Wielu 1111111111111 Ρ111111111, 1111111 1111111111111 1 11111111111 111111-
11111 11111111 (1111111111 111111, 1111111111 1111111 111111111111111111. 11111111-
jaziel 11111111 111111111111 1111111111 1111111111 111111111111111 11111111
1111111111; 11111 1111111111 11111111 111 11 111111, 111111 11111111. 21111111
1111111111 1111111111 11111111 111111 1111111111111111111111111111 1111111
1111111111, 1 1111111111111111111111111111 11111111111. Ρ111111111111111 111111
111 1111111111111 1111111111111111111 1111111111, 1111111111 111111 111-
1111, 111 1111, 11111 111111 11111111 (11111111 11111 11111111111 111111
1111 1111111111 1111111 1111111 111111 1111111111 11111111,Ι 1111111111 mu
11 (1111111111 111 w 11111 dni 111111 Ρ11111 11111111· Ν1111111, 111111
w 11111111 1111111111 1111111111111 11111111, 111111111111 1111111111 11111111
11111111111 111111 1111111 Ρ11111111,111111111111111 1 11111 11111111 111-

111111. 21111111111111 go 111111 1111111111 111111111111 (1111111111111
Wielickich.

 

