190 1111111111 11111111. 111411. ³

111111111111111 111111 111111111 11111111 111111111οηὶ1 111 111111111 v

11111111111 1111111111, Bogu i 11111111 1111111111, 1111111111] 111 11111
1Ρ11111111 1111111 111 111 11111111. 11 111 1111111111111111 11111111
1111111 1111111111111111111ε ,11 1111111111 11111111 111 1111111111 111
,11111 11111111 11111 11111111 1111111111.“ 111111111111111, 111111111111
11111111, 111 11111111111111.

11111111111111111 1111111111· 11 1111111 111111. 111111111111111111111111
111111111111111 v 1111111111111111111111111111 11111111111111.

1111111111111111111111 11111111 11 11111111111111111
1111111111, 111111111111111 1111111111 11111111 11111111 11 11111 Sw.
11111111. 111111111111111.1111111111111111111,11181.
11111111 1111111111, 11111 mimo 111111111111111111111 1111111 11111-
1111111111 1111111111 1111111111, 1111111111 1111111111 101111-
111111111111 111111111111, 11111 1111111111111 1111111111111 111-
1111111] 1111111111, 1111 1111111111 1111111111 11111111 111111 J 11111
11111111111111 1111111111111 1111111111 1 11111111 Κ11111-
11111 1111111111. 1111 11 111111 111111 1111111111 1111111111 111111-
11111111111111111111111, 11111 1111111111111111111111111; 111-
1111111 111 111111, 111 11 1111111111 11111111 111111111111 1 jego 111111111111
111 11111111 1111111111111, 11111111 11111 u soboru 11111111111111111
11111111 1 miano 11111111 11111111 Polskiego. 011111111111111111111
1111 11111111 1111111111111111111111 (1111111111111111 1 1111111111.
Po 1111111111 11111111 11111111,1111111111 krol Polski, 11111111111
1111111111111111, sam 1111111 1111111 Sw. 1111111111 111111
111111111111111111111, 11111 11111111111 1111111, 111111 1111111111
1111111111 1111111111 1 (1111111, 11111111 111111111 1111111 1 11111111
11 J 11111, 11111 1111111 11111111 1111111111 11 jego 1111111111.

1111 111111 111111111111111 11 1111111 111111 1111111111 11 1111, 11111111
1111 111111, miani 111 11111111 11 111111 1111111.

8111111111111111111, 1111111 1111111111 1111111 1111111111-
1111111 1 111111111 11111 1 1111111111 111111111111111 111111111111 111
1 1111111111, 1111111111111111 1 1111111 1 111111 1111111111 111111 111111-
111, 1111111111 11111111 1111111111, 111111Β11111111 Κο111 111111111
od 111111 1111111111111111 XXIII, 11111111 Luna, 11111111111111

 

