220 ἶ ⁵ 6616666666 66666666. 661419.

6616 (16661661 616161161616, 11166-16 611616166 66666 6666616616 661666·
1616666611161 66616661116 6166666616616166, 6611666616 6 61666, 166 16666
“ 666616661616 66661116 66116, 11166 66 666116 1166616 6666666 1616616
16161616; 616 66661616 1611 1666661, 6616666666 61616 Ρ6661, 66161616
116661666161661611666 6666161 16 116666611666 616616 Β6666, 66661611
16 61666 6 6661161661666 Ρ6616616, 111666 66 6666166661, 661 166
6666661166, 6166 6161166 6661616611 666661116 166661666666, 16661616
6666 66666611. 11166616 616 6666616666666 616616, 6 6666666 161666 6611666
1 6666616661 616166 61666611616 1666 6666166166. 166666 6166616 616 666666,
16 666666 Η6666616 6 661661 116661 161616 66166116, 61616 1611 166-
6661 6 Β6666 6161616161 prosto do 16661. 116 6166661 6166161 61666
616666, 6616616166 6161616 6666666666616, 1 666661661161166616616, 616-
1166 8616616.

11166 z 16116661 6616616616.

11116 16166611 111666, 66161616 1666166, 11166 66116 66161666
1616616 6666661616 616161, 6166661166661666 6161116 1616166166
1611666116, po stoozonej 6 616 661 6661611666116, 6666116166· 61116
6616116 616161166616616666666 1 6666616661, 111616, 61616 6166166661, 66-
666611 16 61666 1616166 1 666166116 6166616166, 6 6 16666 1161616166161666
6161116616 661666666616616661661 16616161616616161661, 6 161116 6666-
16166166; ,1116 6666 6661611 1666666661, 016166666161616, 16 6161661
,6661666 161 ja 6616 116, 66161666 61616 666161661 16616. Ρ6666161 6166,
’ ,616166 666616 1616666661 66616111 6 6616 6 6661616 1 pokoju3 6161666,
,11166616 6 66666616 616166 6661 1666666616 66661616, 616 661 6661161 6 616-
,616 6616116, 616161 666666661616666666616 616 616166 6616616, 661666
,666661 6666161616166166166166611, 661661 66666616 po 66666616 1666661] 616-
,6666 6616 66666116.“ 1161616 Alexander 1111611 6666661 16 6666161616
6666616161666661616, 1 1666616 ’16166661 666666 161666.

166666 161616 1166116611 661666.

116161666661666 61661666 81666616166666 161616 11661166611, 666
1111616666 161616616 11661166611666, 661616161661661616666, 166166666
6666666616 666666, 666161166116666, 1 6 1166616666 6616661 661666
1666616166611666 6666166666 666161. 11161 66 6 Η61666, 61611 Κ6661616

Ι 16161661611166611666 6 6666616611161661666-16116 161611666,

 

