192 1111111111 11111111. 11. 1411.

1111111111, 1111111111, 11 11111111 1 11111111111111111111111111, bez 111-
»1111111111 111111 1111111111 1111111111111111111111 111 by& zwolanym.“
W 111111 111111 1 11111111111111111111111 1 1111111111, 1111111111111-
11 1111111111, 11111111 11111111] 111 1111111 1111111111 ’.111111111-
1111 j, 1111111111] do 11111111 111111 S. 1111, 8111111111 11111 1111-
111111, 11111111 111 1111111111 111111 11111111111111 1111111111111 11111111
1111111111. 0111111111111111111 1111111111111 Aragofiski, 111111-
1111111111 111111111111111111111111 1111111111 11111111111111111, 1111
1111111111 1111111111, 1111111111111111111, 111111111111111111111 11 godno·
111111 11111 1111111111 pozostali 11111111 1111111111 1 11111111. Za-
111111 111111111111 1111111111] 1111111 111111 111111 11111, 1111111111 sie
1111111111 11111111111111111, 1 111111 11111111111111111111.

111111 1111111111 11111111 11111111 1111111, 11111111111111111111 xm 111-
111111111 11 1111111 1111111111111111.

81111111111111111111 1111111, 11 1111111111111111 1 11111111111111
11111111111 [1111111111 1111111111, 1111111111 111 11111111 11111111·
11111111· 111111111111 11111111 111111 11111 1111111, 1111111 111111 1111111111,
1111111 111111111111111111111· 1111, 31111111 1 111111, 1111111111111111
111111111111 1111111111111111111. 111111 11111111 111111111111 1111111111 1111111-
1111 1111111111, 111111 11111 1 1111111111ιί 111111 11111111111111111111111
11111 jedno 11111, 1111111 do konklawy w 1111 11111111 1111111 11111111. Alu-
1111111111· 1111111111 (111111111111 11111 1111111111 tej elekoyi 1111-
1111 111111111111 1 111111111111111111111, 1111111 1111111 1111111 011111-
11 Κ11111111, 11111111111 (1111111111, 11111 111111111111111111111 popam,
11 (111111 S. 11111111111111111 1111111 1 1111111111111111111111111, 1 11111111
11111 11111111 1; 11111111 111111 1111111111 1111111111, 1 potem 1111111111-
11 go 11 1111111111 1111111111. 11111 11111111111111111111 1 11111111111111
11111111111 1 1111111 11111111 1111111 1 1111111111, 1 11111111 nimi 1111-
1111111111111111111111111111, (111 1111111 111111111111111 11111 1111-
11111111. 1111111 111111111 11111111111 11111111 Κ111111111 111111
1111111111 1 11111111 od 1111111 111111111111111111, 11111 1111111111
by} 1111111111 1111111111, 11111111111 1111111111 1111111111 11111111111
1 Η111111111111, 1111111111Ι 1111111111 111111111111111111111 111-
1111Κ11111111111, 111111111111111111 niogdy 1 111111Ρ1111111111111-
pem 1111111111111111111111 w Sienie; gdy 1111111111111111 1111 Pol-
ski 1111111 11111 nim 1111111111 i posly u soboru, 11111111111111111-
11111111111 1 11111111111 1 nim sprawy‚ 1111111111 11 Ρ111111111 1111111

 

