mu

110010 Το000010009 w. 34. 56. 8011001011ομ 8011001γο 131.

110010001ογ m. 175. 8011001101. Eget. 103128.

110000Ιί0 01. Romania. 8011100 1110. 413.

1100110010 1001011111. 346. 379. 383. 414. 450. 80011106) 0100101 525.

11000010 10. 01011. 0108000 225. 80111106) 1 0010010ςο 00100. Ρο10. 22. 37. 87.
1100001 10. 81101. 225. 93. 102146. 160. 179. 190. 202. 214. 221.
1100001 1110000 10. Βο001. 6. 249. 282. 289. 367. 372. 400. 402. 420. 421.

Rupkowo 1001101022. 434. 460. 461. 463. 528, 543. 548. 573. 582.
1100101 200. 412. 419. 422. 444. 451. 455. 462. 522. 583.

574. 576. 579. 621. 80101100, 010111 0100 14.

1100101101111 122. 126. 127. 303. 361. 411. 427. 80100001γο (8001010060)1010. 568.

447. 475. 480. 481. 507. 520. 559. 580. 608. 800100 10101 Rus. 411.
632. 641. 8001001011 1100101531.

1100001001 ob. Ρο001. 8000111. 127.

11010111 m. 479. 8000ογ0 1010. 650.

11001ηο00 1011. 624. 625. 8100100160 w. 1.

1100000όο w. 212. 605. 810101109οο6 219. 328. 551.

10010 m. 104. 105. 165. 81010100 10000010110. 111. 450.

111001όο m. 5. 81000 m. 192.

111000 584. 81001011011 Lw. 006.

810010 (1060901000101606.
Ε. 810000 0. 306.
’ 81000011 m. 11010. 66. 178. 215. 305. 424. 436. 474.

8001810000. 8. 103. 128. 252. 579. 580. 476. 516. 528. 536. 537. 632.

8010011 0001018. 8100001οη10 462.

8000010 m. 174. 175. 8100001110 1100110 36. 95. 102. 462.

8060010 w. 413. 8100101011 01. 00010100. 459. 513.

800110 (81001010) m. 1. 810010001 201.

801 1110. 145. 8100100011010100100 641.

80101009 m. 626. 81001001 (8100100) m. 2. 315.

8011010101801000 1001010. 635. 81000, Ρ101. 245. 247. 250.

8010100010. 138. 189. 217. 81010 zum. 00 Podolu 391.

80101000 10. Ρο1001.466. 470. 810110, 0136110 1 kl. Paulin6w pod Κ101. 117.

8000οΙ 10. Βο00. 130. 8100101 1 060110 (10ογ) 1. (161011 36. 55. 93.

800000100010 1101010. 36. 364. 411. 462. 507. 528. 167. 168. 529.

’ 548. 551. 81011 m. 202.

8006000001 10. 1 1010. 2. 5. 66. 113. 115. 135165. 810100 w. 413.

173175. 186. 204. 212. 237. 257. 288. 289. 81000010001101. 1101100100
290. 292. 309. 316331. 355. 401. 404. 435. 8101000100100 0 165.
445. 456. 462. 495. 562. 606. 810100 w. 165.

80001 m. 138. 174. 187. 209. 212. 217. 605. 8111011101 <lom 011. herb. 145.

800101 mm. 460. 810010 1 110111 93.

800000011 ryc. 01. 36. 50. · 8100160 m. 289.

80000 (8010000) 1011. 610. 8100100011 0001101498.

8001545. 8100010010 1101010 612. 663.

80010 1101010 251. 459. 810000 (stoma) cz. 623.

8000 11. 604. 8100100 m. 287.

8011101010 (8010000111)11111. 41. 81060101. 152. 460.

80160000 (80100010, 8100010) ob. 1101101000. 8100111. 175.

8010001010 rye. Kny1. 38.¹ 810ρὶ0 (8110) m. 11.

80100000 ob. 8101000. - 8100010 1101010 296.

80110001 8001γο10010 367. 421. 532. 8101000 (8100100) m 546.ἶ
8011001 110 010 1 8000100100 3. 8101000111 161 (8100100010) 12.
§cnm ι gemme πο). 01010. 10. 1110. 15. 0000000 zm 001. 000. 000. 000.

18. 25. 27. 28. 30. 63. 102. 103120. 121. 8000101101 m. 115. 444.
128. ’ 80001001 10. 1 mm. 174391. 401

 

