003000 Ι00000 0000000030οᾶ 0000000000 0 0300000 00000 0000000οο000 (000000
-000000000 0000000000 000000 000000 000000 0000 0 000000 ί0000000000] 0 00000 ·
[00000000 0000 ι03000 0000000000 603000000000000000000 0000000 0000000
ζ(00000000 00) 0000000 0000 300000 0 00000001 00000000 0000000000
(00000 ,0000000030οε 000000 0000000 ι00000000 0000 0000000000

,¹ ,
000000 A 03000000000000000 1100οἶ9ῗο00οι· 0000000000 0 00000000 00000οη

0000000οἆ 0000001 0000100 00000000 0 0000000οᾰ
00 00300000 [00000 300000 000000 0000000000 000000 0000000001 00 000οΖ
00000000 0 03 0000000000 00000 00000000 0300 0000 000 00003 0000000000 0
03000000 0 ί0000000νο 0 ,000000 000ος 0 0000000Ᾰο od 0000 0300000000
ι000οτ0 00 0000000001 0000000000 000000 000000 000 000 00000 0000000000
-00 00 00000 000 0000000 000000000οι00 0 00000 0000000 0000000000 0 00000001
-00 [0000000000 0 0 0000000001 000 0 000 30000000οη00 0000000 0000000001
0000000000 3000 0000000 0 (000000 0 0000100000 00 0000000 03 00000000
0000300 00000 00000000 0 0000000 0000000030οΛ 000000 000000
-300 0 000000 000 00 0000000 ι00000 0300000 00 0300000000 00000 00
ἯῘΒᾸΡΉΜΟΡΗΘΜ [ΗΗἮΗΙῊΘΕΞΙ '⁶ UISMOWI 3079180 ΡΙΙΘΙΜ mm
0000 000 Ι300000 0000000 0000000000 0000000 0 0000000010 ί[00000000 0 [00000000
0000 000000 0000030 0 00000 [00000000 000000 00000 3000000000 000 30000000
-0001 0000000 000 0 0000000030 6000000000000 0 000 0000000 000Γο 30000
-000 000000 ι0000 000 000 00000000 000000 0 0000000 0000000000ου 00 00000
0000000 0 0000300 0000 [0000001 ef 0000000 ι00000000 000000 000 00000 0000
-pod 000000 00 0000000 00000000) ’000001 0000 000000 03οΓ 00 000000 ι00000000
000 ,0000000 00000 0 0001 000 ‘unu 0 000 00030000 60000000000 00 0000 0
ι[000000 000 n 0000000000 0000000 0 03 000000300000 0 ί003001 0 000 00
0300000 ι000000Γο0 000000000000000 0 000300 0300 0 000 000000000οο0 (0000
-300 0000003000 00000 0000000000 0 0000000 ’0000000000 00000000
0000000000 000 03 000000 (00000330 00000 0000030000 000 ι0000000 000000
0000 0 0 ι000000 00 000000οᾶ0 00000 ι000(ἰο03 [000 00 000 0000000000 00000
0000000001 0 00000000 0000000οο 00 000 0000000 0 0000 00 0000000 0000300 00
300000 0 00000000 0000000000 00000000 00000 00000300 00000 ,0 000 ί0000
-000000 0000000 0000000 60000000000 0030000001 0000 000 0000000000 03000
00 0000000000000000 0000 0000000000οΓ 0 0000000000 0000000 0000000*
-3000 000 0000001 000000 0 000001 00000 0000000 0 0 ι0000030οἰ 00000 00000
00 0000000000 0 0000000000 0000000 00000003000 000 00000000 00000000
-000 0 30000001 0000000000 00 000000 0 ι000000 00000 0000003 00 000000

0 ’00000000 0000000000 ’00000 'a

 

