'558 1111111111 111 1111111111. 1. 1438.

11111111111111111 111111θὲ1 11111111 Zygmunta 1111111 11111111
111111111 111111111111111 111111 11111 pod panowanie 11111 1 11111111
Polskiego. 1111111111111 jak 111111111111111 111111 111111 111111111-
1111, ,111 (1111111111 11111 1 1111111111, 1 1111111111 go 1 posia-
,1111111 111111 11111 11111111. A 1111111 1111111] 111111 11111Ρ11-
111111 11111111 1111111111 11111 1 11111 1111111] 1111111 111 11111 unias
111111, 11111111 1111111, 1111111 1111] 11111111 11111111 1 (1111111111
11111 Zygmuntowi: 111111 1111111 1111111111 11111111 1111111111
1111111 1111111111] 111111, 11 111111 11111111111111, 1 11111111 11111111-
11111111111111111111111111111111811111111 1 1111 10111111

¹ do Litwy, 1111 11111 1 111111 111111 1111111111 1 1111111 111111111 1111-

111111 1111111111 111111111111 Zygmunt 111111 111111 1111111111
1111111111 11111 1111111111 111111111 11111 111 11111111 1111111111
1 1111111111 111111111111111, 11 po 111111111111111 111111111111
1111111 1111111111111 111111111 1111111111, 1111111111 11111111
1111111111 1111111111 111111 1111111111111 1 1111111111, 111111 1111111, 111111
1111111111 1111111111111111111, 11 po 1111111 Zygmunta 1111111111-
111 1111 1 111111 1111111 111111111 Ρ111111111 1111111 1 1 1111111
11111111.

11 1111111111 11111111-1111111111111111111 11111111 1111111111 111111]
1111111.

811111111 (111111 11111111 Ρ111111111 1 111111 S. 11111111
11111111 11111 11111 1111111111 111111111111111111118. 81111111111111-
1111111111111111 1111111, 1 1 11111111 11111 Ρ1111111111 1111111111 1ο-
1111, 111111111111111 11111111111111111111. 1111111 1 11111111 Poznafiscy,
111111111111111 1111111, 1111111111 1111111 111111, 1 1111111111 (111111111111
81111111 1111111, 1111111111 1 1111111111, 1111111 11111 111111111111 111111.
11111111111,]11111111111 1111111 1111111111 Ρ111111111, 1111111
Drya 11111111111111 111111, 1111111 11111111 1111111131 1111111111
Κ111ο1111111;111111111111111Β11111Β1111111).(1111111111-
11111 1111111 1111111111) Eugeniuszowi IV 1111111111, ι1111111111
1111111111 1111, 11111111 111111111111111, (1111111111 11111111 11111
11111, 111 11 1111111 Ρ11111111111]Ι 11111111 111111111 1111111131,

’ 11111111111111, 1111111 1111111 1111111111 1111111111, 1111111111

1111111111 111111 1111111 1 Β111111, 1111111111 11111111 1111111111
i 111111 1111111111, 11 1111111111 1111 1111111111 1 Β111111 1111111111
1111111111111131 1111111111111111111111111111111111111-

 

