00000000 000 00000000 0 00000 0 (000000 0 30000 00000 00000000 0000000000
0 0000 ’3003 0000 0000000000 000 03 00303 (000000 000000 0 0000000 00030 000
000 000 000000 0 ἐο000000 0 000 000000 0000000000οο 00000000000000 000000
*000000 00000000 ί0000000000 00000000 00 ’000000 0000000 00000000 000 00000
0000000000 0000 000000000οᾶ 0000000 00000 00000000 000 ξο000000000 000000
’000000 3000000000οᾰ 00000000 00000 (0000 00000 0 0000 (000000 03001 0 00000 00
00000000 0000 00000 od 0 (00000 0000100000οᾱ ι0000100 03000030 00000 0 0003
0000000 003000 000 000000 0 0000000000 0000000300000 00000000 30000
1 0000000000 00000000 0000000 ,,·00000000 000 000000000οᾰ 003 000000 0300 0“
0000000300οΜ 0000000 000 0 ι00000000οΙ 000οι 000000 0 ι0Γο00000000 000“
k 0000000 00 00000000 00000 0100 00000000 0000000 000 0000000000 00000
00 0 000000000οΝ 0000000000 0000000001 000 0000000000 ι0000000 0 000
0 0000000000 000000 030000 0 ί000000 00000 0000000000 00 00030000 ί0000000)
00 M 00000 0000000000 0000000000010000 000 0 ι000000 000000 [0000000000000 0
000 0000000000000 0000000 000000 0000000000 »000000 00000 0000 0000“
0000000000 0000 00 ι03000 0 000000 000000 ‘mum‘ ’03000 [0000000000οᾱ 0
0 00000 00000001 00 0000000 000 000000 000000 0 000000000οᾱ 0000000 00000000 0
00000000 0000000 0000000000 00000 3000001 000030 00000 3030 (000000
0 -00 0000 00000000 0000001 0300 000000 0 000· 030000 0 0000000οι 00000000 00
ἱ 000000 ί0000000000 000003 op 00 000000 00000000 0000 30000000000000 0
t *000000 0 0000000 00000000003000000 000000 00000 op 0000000 0000 0000000 0
0000000000 000 0000001 0000000100 0000000 000 00000000 00 0000 00000000
300000000οΙ 0000000000000 030000 0000000 0 (0000003000 000000 0 0000000
00000000 00000 000000 00300000 00000000) 0000000 40000000 0 000 00000000 00
00000 000000 0030000 0003 0000000 0000000300 000000 [00 00 0000000000 00
00000 00 0000000 0000000000 0 000000 ι00000000 00000030 00 ι00000 000 000000
-udo ι(00000000 000 00000000 00000 00000 0000000 00000) 0000000 0 000000000
000 0000000000 000001 0000000000 0000000000 0000000 000000 0000000 0000000
[0000000 0001000000 0 000000000οᾶ ι00003001 0000000000 003000 000 00000,
0000000000 00000000 00000 0000 000000 00000000 ‘Mun 00003 000000 00000
000000 00000 0 Ι3000000000 0000000100 0 ι00000000 00000000000 0 000000 0000000
0 -0 0 000 [0000000 00 (00000100 00000 0000000 00000000 0000 00000 0000000000 0
0000000000000 0000000000 000 Ι[00000Γο0000 000 30000 (0000 00 0000(Ιο 0000
⁸ -000000 000000 0000000000 0 (00000000 00 000 [0000000000οη 000000 0000000
000 op 000000 03000 0000000000 00300000 00000 0000000000 00000 έο0000000
* 000 f 0000000000 0001 0000000030 0000000 00000 00001 00000 000 0000001 000000
000000 0000 000000 ί0000 0 000 00000000000000 00000000 0 000 0000000 000
-00000 0000000000οα 0 00000 0000000 ι000000000010000 0000000000 00 00000
0000000001 op 030000 00000 0 0000 0000000 000000 000 0000000000 00 000000
000 0 00000000030 00000000 0000000 0 0000 00000000 000000 00 (00300100

'W Ἥ 0000000000 111 0000000000 939

 

