mmmmssmmmffimmwm
367. 368. 375. 376. 380-382. 400. 405. 407. 2141414144 m. 116.
410. 412. 424. 429. 430. 434. 438. 439. 441. Ζγ4111441 oen. 2. 5-9. 11. 18. 27. 28. 8088102.
445. 446. 457. 473. 474. 483-486. 489. 498. 103. 106. 113. 115. 119- 124. 129 - 134.
499. 500-502. 505. 510. 525-528. 531. 533. 137139. 141. 153. 164 165. 167. 168170.
535. 543. 550. 552. 560. 563. 566. 567. 579. 171. 175. 176. 183. 184. 188. 191. 200. 204.
580. 581. 583. 584. 588. 598. 604. 610. 619. 210-217. 219. 221. 226-238. 241. 242. 244.
625. 641. 245. 247. 248. 250. 252 - 259. 261. 267 -
2111911144 1 Η4114454144 (de 4114 monto) 292. 269. 271. 274—278. 284. 368. 370 - 373.
367. 379. 394. 396. 404. 427. 436. 459. 478. 509.
2111941414 1144444411 639. 519. 524. 528. 533. 534 538. 540. 542. 543.
2111941414 0141114 1 Noweqodworu 46. 48. 2191111141 1141111111, ks. Lit. 38. 48. 120. 121. 161.
2111441414 bisk. Kamieniec. 146. 267 - 269. 275 - 277. 288. 291. 297. 299.
2111941414 21114114 arcyb. Prag. 170. 302. 334. 362. 400. 404. 405. 407. 408. 437.
mmmwm. κ ww '
2111414111 ryc. Cz. 8. 36. qumuni Kiei⁸1u70w102‚ 14. Lit. 337. 345. 443-
24414464 m. 287. 447. 454. 455. 461. 480. 482. 490. 498501.
Zolodyn chan Tatalz 131. 203. 516. 520—525. 537. 557. 574-577.
2411144 w. 412. qumunt z Bobowy 38.
24441 41). Cepel. Zygmunt 91114436.
2411114111 herbu Gnyma7a 93. Zygmunt 1114404411 526,
2941141411 ob. Brandeburg. ' qumunt 3411414144 51.
lunia herb 411. 93. 2194111111 noth 371. 375. 523.
2149444414 m. 327. Zyndram z 111444114ψί4 20. 21. 35.
2141411191ὀά 14111. 650. Ζγ1114,01θο11 85. 217. 219. 241. 243. 246. 248·
2144141411 starszy ks. Mazow. 14. 20. 37. 45. 63. 258. 300. 301. '
uwQffimm mmmssmm
2144141411 1414114111, syn Ziemowita ks. Mazow. 2414411144 m. 199. 252. 289. 298. 434.
48. 63. 79. 106. 119. 120. 157. 295. 308. 2111441 18. 78. 79.109.141.180.181.198224.
319. 331. 382. 42]. 435. 501. 506. 538. 542. 227. 228. 240. 264, 290. 496. 511. 576. 607.
Boion-yla m. 111. 224. 324. 511. 2111441141 147-151. 181. 455. 461. 496. 511. 607.
21141111 (64444114. 541. 2441141411. 17.
Mamm mmmm
zmmmmmwmmmmmfflm
mmmmmmmmfflmwmw .
mmmfflfflfflfflfflfflumwmmmffl
mmmfflmffimmwmmmmm
605. 635. 2411414144 m. 175.
2411414114 19441. 111. 01. 97. 216. 219. 2414144 wyspa 468.
24114, 46114 11441. ks. 24141. 480. 2γ14111141414. 338. ·
Zolawn (81414114), 01, 8. 45. 2γ14144 m. 2.

 

