 

306 , 1111111111 11111111. 11. 1425.

11111111111111111111111111111111111111,11111111111111111-
111 11111111 111111111. Β111 11111111111111111 11111111, (1111 11111111
Ρ11111. 11111111111111Ρ111111111,Μ11111Κ11111111111111
11111111, 1 Η11111 Η11(1 1111111 1111111111 11111111 1111111 1 11111-
111111111111Ρ11111111, 111111 (1111111 1111111111 111111 1111111, ju&
1111, 1111111111111 111111111, 1111111111 1111111 11111111. Alexander
1111111 111111 111111 11111111, (1111111111 1 1111111111 1111111111-
11111, 11111111 mu 1111111 1111111, 111 11111111( 111111 111111. Β11-11 11111
111 Ρ1111ό1 1111111111 1111111 1111111111 11111111. 01111111 111, 11
1111 11111111 111111 1111 (111 11 111111111 1111 1111111· , 1111 (11111111,
11111111 (11111111111111111 1111111111111111111. Po 11111111111 111111
111111111, 1111 11111111111111111 1111111, 11111111 1111111111111111111111-
111111, 1111111111(1111111111111111111111, 11 11111 11 1111111111 11111111·
1111111111111111111111111111111111111111111111 111111, 1 111111
Ζ111111111111111 1111111111 1111111111 1 11111111, 11111 11111111 (11 11111
11111111111111, 1111111111 111111111111111111111111Ι (1111111111
11111111. 11111111111111 1111111111 1111111 Ρ11111111, 11111 1111111111
1111111111, 1111111111111111111 11 11111111, 111111 1111111111 111
(1 1111111 11111111111111111, 11111111111111111 1111111111 1111111111
1 111111 1111111111 11111111 1 (11 111111 1111111. Ζ 11111111 11111111 1111
11 Ρ1111111 1 111111 11111 111111111111111, 1111 (111111111111-
1111111 N. 111111 Ρ11111Ρ1111111111 1111111111. 1111111 11111111-
(1111111,0111111,Κ11111, Β1111111, 81111181111, 11111111
1111111111,111111111111111111111, 1111111111 11111 11111111-
1111, 11111111111111111111111 1111111 1111111111 Ρ1111111, 1111111
1111111111111, 1111111111, 11111111 tego 111111 1111111111 11111 111111
111111 1111, 1111111111111111 1111111.

11111 1111111111 (1111111111 v (11111 midi ((1111 1111111111.

11111 111111111111 1111111111 0111111, 111111 0111111111, 11111
1 1111, 111111111Κ111111 11111111 1111 1111111111 11111 Ζ111111111, 1111-
1111111111111111111111111Ρ11111111111111111111111111·11111
111111111111111111011111111111, 1111111111111111(1111111111,
i do Κ111111 111111111111,1111111111111111111111111111111 1111111111
111111111. 01111111 go (11111 1111111111 1111111Κ11111111,11(11111
11111111 11111111 (11111 111111111111 11111111 11111111111, 111111 1 111-
11111111111 11111111 1111111111111.

 

