111111 1111111 1111111111 1 111 1111111111 111111 1111111 13111 (111111)
1111 11111 11 11111111 1111111111 1 11113 (1111111111 111 1111111
1111 1111 111 11111 11111 11111111111111111111 11 111111111111111 11111
11111111 (11111111111111111 11111111111 11111 11111 (1111111111 111111111
11111 ί111111 1 111111 111111111 (11111113 1111111 11113111 (1111111 11111111
1111111111 1111111311111 (11111111 11 ι111111 1111 11111111 11111111 1
11111111 1111111111 11111 1111 11111 1111111111 (1111111 111 1111111111
1111111111111111111111111 ’11111111 11 111111 1111111111 11111111 ι11111
-1111111111111 111113111111 11111111 ι1111111 111 11111111 1111 11111 1111
-11111111 ί,1111111111111 11111111 11 1311111111 11111111 11111111 ’(1111
1111) 111111111111111111111111111111 1111111 111 1111111 1111111111
1111 1111111 111111111111 ι(1111111111) 11111111111111111111111
1111111111111111 1111 13111111 1 11111111111 111111 11111111111111
-111 Ι1111111111 ι11111111 111111111111 1311111111111 11 1111111 13111 1111111
1111111 1111111111111111 13111111111 1111111111111 1111111111 1111111
11111113111111111 111111 11111 ί111111 11111 111 11111111 131111 (3111
11111) 3111111111 11 1111111111 1111111111111111111 ί,111111111111111111
111111 11 111111 1111 1111111111 11111111 *111111 1111111111 11

1111111111 111 1111111 111111 ’1111111111
1111111111 11111111 Ι31111111 111111 1 1111111 1111111 1111111111 1111111111 1111

11111 1111 11111
1111111 111111111111111111 111 1111111111 11111111 ι1111111 1111111111 “
-111111111 (111111 1111 11111111111111 1111111 11111 111111 11111111 11111
-11111 1111111 11111111 ι1111111 1111111111111 1111111111111 1111111111
11111 1111111111111111111111111 11111111 1 1111111 11 ί11111111 111 113111
1111111 1111311111 1111111111 1111111111 11111 111 1111111 11111111 1111
-111111111 1111111 (1111 111111 1 11111 1111111111 1111 111 1111111 1 111111
11111111111111111111111 111111 1311111111111 111111111111111 1111111
-11111 11 1111111111 11111111111111111111111 11 (1111111111 111111 111111111
113 ’1111111111 1 11111111 11111111111111111111111 11111 11111111111111111
111111 1113111 11 (111111111111111 111 1 11111111 1311111111 111111 11111111
11111111 111111 11111111111111111111111111131111 1111 11111111
-11111111111111111 1113111111 111111 11111111 1111111111 11111111 111
-1111111111111111111 ’11111111 1111111111 1 11111111111111 ι1111111)
1111111111111111111111111111111111111111111111
1111111 1111111111) 111111111111111 ι1111111111111111111
*11111111111111111 ι11111111) 11111111 1111111111111111111111

111111 ’ozac-novt 1111111111 811

 

