111412. 1111111111 11111111. 131

111111111111111110111111111Β1111111111111 go 1111111, 1111 1111111111 1 gor-
1111111 1111111111 1111111111 111, 111 11111111111 11111111 111 1111111111111111
111111111, 11111 11111111 1111111 11111 111111 11111 1111111111. 11111111
1111111 1111111111, 111111111111111111111111, 11111111111111111 11111111
1111111111, 111111111 11 11 J'ego 11111111111111111 1111111111 1 111111,
111111111111111111111111 111111111111111 1111 Κ11111111111 111111111111,
1111111 1111111 1111111, 11111111111111111111 1 11111111 111111111111 sie
1 1111111111 11 1111111 11111111111111111 11111111 111111111111111111111111
11111111111111111. 1111 1111111 111111 1111111111 1111111111111, 111111 (1111
11111111) 1111111111 11111111111, 111111 11111111 1111111 111111
11111111 11111111 1111111111 1111111111 1111 111111 11111111111111111111111
1111 dogodzenia 111111 1111111111.

1111 1111111111 111111, 11111 11111 1111111111 Ζ111111111111111111 11111111·

1111111111111 111 1111111111111 1111111111 1111111111 111111, 11111111111111

1111111 11111111111111111111 111111. 1111111111 flushinga 11111111111111-
11 1111111111 1 1111111111.

Ρ111111111111111111 111111 S. 11111111 111 11111 1111111111, 1111-

1111111111 Ρ111111 11111 1111111111111, 11111 1111111 11111 1111111-
1111111; 11111111 tego 111111, 111111 S. «1111111, 11111111 11111111
11111111 11111 1111111111 1 1111111111111 1111111111, 111111,
111111111111111811111111111111111Κ11111111111111111111111111
11111111, 1111111 1111111111111111111111111111, 1111111111111111111ε ,111
,11111111111111 Ρ11111 11111111 1111111 Znguntowi do 11111111-
,1111111111111 111111111111111111111111111 111 111111111111111 Ρ1111111,
,111111 11111111 1111111 1 111111 11111111 11111 1111111111 111111 11111111Ρ11-
,111111111, 11111111111111111 11111111,1111111111111111111 1111111111
,111111111111111111 11111 11 111111111111111111111 1111111111 111111111111

,11111111111111111111111111111111111111111111111111111 1111111 11111111
1111111 111111111111111111111 111 1 111111 11111111 8111111, 1111111-
111111111111111111111111111111111111111111111111,1111111111
1111111111111111111, 11111111 11111 1111111111 1 1111111 111111 1111111111-
111111, 11111111 11111111 1111111111 111111111111111 1111111 1111111111 111111-
111Κ11111111, 1111111 111 111111111111111 11111111 Ζ 1111111111 111111-
1111111111111111 1111111 111111111111111111, 1111111111 1 111111 111111
11111111. 111111 111111 1111111111111 1111111111 111111111111111,
1111111 111111 11111111, 111 111111111έοὶ 111111111111111111111111111-
11111111 111 11111111111111111111 111111111111111111 1111111111 Ρ11-

1.1)Ιασοιι.1)ι11111ὀΙιΗο. 1me 18

 

