224 ' 1111111111 11111111. ’ n. 1420.-

111111 1 1111111111 11111111. Α 1111111, 1111111111 1111 1111111, 11111-
111111 11111111 ,1111111111 11111 11111111 11111 111 11111 drogami
,1111111111 11111 (111111 11111 1111111 1 111111 11111 1111111111111.
,1111111 111111111111111 11111111111111111 1111111 11111111, 1111111-
,11111111111111111111 11111111 1111111111. 1111111111 1111111111, 1111-
,111111111111111111111 Ρο111111, 0111111111 1 11111111111,
,11111111 11111111 1 11111111111 111111111111111111 11111 11111111
,1111 111111111111111111, 111 11 1111 111111 Κ11111 11111 1111111-
,111111 1 1111 11111 111111111, 1111 111 11111111 1111111111
,11111Ρ1111111111111 1111111111, 11111111 111111 1111111 11111-
„tegopod'l'oruniem 11111111111111Ζ1111111111111111Β11111.
„Postanowss 11111 tego, 11 111111111111 1111111111 11111 1111 1111111
Ι ,Ρ11111111 111111111111 111111 11111111 11111111 (1111111111 1111
,1111111 1111111 1 1111111111 (11111 111 1111111111, 111111 111111 11 1111-
,11111111 (1111111. Grzegorza, a 1111111 11 11111 (111111 1111111111 1111.
,Ρ11111111111111111111111111 1 11111 1111111111 111111111111 1111111111
,1111111 1 1111111111111111 11111 1111111 11111 111111 1111111111111
,11111 1111111. [11111111 11111, 111 111111111111 1111111111 1111111111111
,1 (1111111111 111111 Pruskiego 111111111111 11111111 1111 1111111111
,11111111111111Κ11111(1111111Κ111111), 11111 1111 1111111
,111111; 1111111 111111111111111 1 11111111 111 111111111111, 1111111111
,111111111 11111111 111 11111111. Ρ11111111111111, 1111111111111111111
,1111111 11111 111111 11111111 1111 11111111111 1 do 111111 11111111 1111-
,1111111 11111111, 11111111111111111 11 do 1111 Ρ1111111 1111111
,1111 1111111 1111 1111111111, 1111 111111 1111111111 1111111111111111
,111111 111111111111 1 11111111 11111 2111111111, 1111 od 11111
,1111111 11 (111 11 do 11111 111111 1 111111, 11111111; 111111 111 Wi-
,1111 11111111 1111 1111 1111111111111, 1111 1 11 1111111111 111
,11111111 111111 1111111111 1 11111 11111111, 1111111111 od 11111111-
,111111111111111111 11111 111111, 111 11111111 1111111111, 11111
,11111 111111 do 111111, 1 11 11111111, 111111111 111111 11111 11111,
,11111111 1111 111111 1111 11111 111111 11111 8111111111 11111 Ge·
,11111, 1111111 11 11111111, 1111111 111111 11111111 1111111111
,11111 11111111 1111111 11111 do 11111 1111111 11111Ρ11111111 i 11111-
,11111 11111111. 1111111 11111111, 11 1111111 1 11111 1111111111111111
,111111111111111 1111111 111 1111111 1 11111111111111 11111 1111111111-
,11111 Ζ111111 11111, 1111111111111 111111111 111111111111111111 1111111
,1 111111. 011111 11111111 111111111111 11111 111111, 1111111111, 11111
,111111111111 111111111111111111 111111 1111111111. Ρ111111 11111111
,11111 111111 1111111111 1 111111111111111 111111111111111111111 1 111111,

 

