204 1111111111 11111111. 111419.

111 111111 111111111111. 1111111 1111111111 1111, 1111111 1111111111
1 1111111 1111111111 Alexandra, 1111111 111 11111111111; 111 1111111111·
111111 1111111111111111111111111111111111111111111 1111111111,
1 1111111 11111111 11111111111111111111111 11111111111 11 1111111.

non 11111111 mo.

111111111111111 1111111 w 11111 111111 11111 111111111111111 11111 papinio
1111111, 1 111111 11 1111111111111111 11111 111111111111111 1111111 Polum

1111111111 1111 Ρ11111, 11111111111111111, 111111111111111-
11111 1111111, 111 1111111111 1111111111 1111111, 1111111111111111111
11111111, 111111111111111111111 111111 111111111111 1111 1111111 1111111111·
111 111111, 1111111Κ111ο111, 1111111111 81111111111, 1111111 11
Nowego 1111111. 111 1111111111 11 niego 11111111 111111 11 1111111111
11111 1111111111 1 111111111111 1 1111111, 11111111 1111111111
11111111111111111111111, 111 1 nim 111 1111111111 111111111 111111
1111111 111 11 111111. Κ111 1111111111, 111111111111111 111111111111,
11111111111111, 11111111111 1111111111111111 11111111, 111111 111
111111111111111111111 111111 1111111111, 111111111 11111111 11-
11111111111111111, 11111 11111111, 011111, 11111118111, 111111-
1111111111111 postu 1111111111 11111111, 11111 111111 1111111181111111
1111111111, 1111111111 111111111 Κ11111111 Ρ111111111 1111 1111111111
11111111111111111111111111111,111ο11111111111111181111-
11111111111111111111 Η1111111 1111111 11111111111 (111-
censis) do 111111111111111 1111 1111111111 11111111. Oi 111111111 11111
1111111111, 11111111111111 1111111111 11111 Polskiego 1111111111-
11111, ,11111 1 1111111111 1111111111 111111 111111 1111111111 11111111
,1 11111111111.“ 111111111111111111111111111111, a 11111111
11111111, 1111111111111 111111111111111111111111111111, 1111111111
11 111111111111 1 1111111111 111111111111111111111111 11111111111111,
111111111111 111111 po 111111111, 111111 11111 nimi 11111111111111111.
0111111111111 11111 111111111, 111111111 1 1111111111,111111 1111111111
1111111, 1111111111 111111111111111 111 11111111111111111, 1 111111111-
1111111 1111111111, 11111111 11 1111111, 1111 111 11111111111111111-
11111111111111111111111111111111111111111; 1111111111111111111
ο 1111111111 11111111111111111111111, 1111111 go, 111 1111111111 11
111111111111111111 1111111. A gdy 1111111111 111111 111, 1111111111
11111 1111111111 1 11111 111111, 111 11 1111111111, [1111111111 1 11111111.

 

