11. 1420. 1111111111 11111111. 241

,1111111111 (1111111111, 1 nie pogardza} 1111111 1111 11111111 1111111111 011-
,11111 j, 11111111 1111111111] 111 jego 1111111 sie zgadzali. 1111111 1111111111, 11
„gdy 111111111111111 przychylna² i 1111111111 1111111111, 11111 1111111111
,1111111111 1 11111 1111 1111111111.α Κ111 1111111111 1111111111 11111111
1111111131 11111 1111111111 1 1111111111, 1 1111111111111111111,1111111-

1111ε ,111111111111111 1111111111111111111111111, 11111111 11111111, po 111- -

„ramniu 111111111111 1111111111 1 1111111611 1111111111 111111, 111 1111111111
,1111111111 1111111111 11111111 1111111111111111 Ozeskiego (111111- .
,11111111111111111111111 11111 111111 jego by} zgodny i 11111111111 jakie
,11111111111111 1111111111 1111111111.“ 111111 1111111111 11111111 11111111-
1111 1111111111 11111111 0111111111, 1111 go pokrzywdzi} rzeozony 11111 Ζ yg-
11111111 1111111 1111111111 1 1111111111 1111111111, 1 11111 111 111 1111111
1111111111, 1 1111111111 1 11111 111111 1111111 1111111111111 1111111111, 11
1111111111 1 11111111 ten wyrok 1111111111111111.

m 111111 mitium 1111111, 11111111 mo 11111111 rabor, 11 11111111 1111111111
111 11111 mmmm gromi 1 11111111.

«Ian 211111, 1111111111 11111111 11111111 Ρ11111, po 1111 11111111 1111-
111111111 1111 11111 1111111, 11111 1111111111, uby 1111111 (1111111 1 1111111-
ciem. Κ1111 1111111111 1111111111, 111611 111111 11111111111 1111111111, 1 1111111111
1111111111 1 11111111111111, 1111111111111111 1111111111 1111111111, 111111111-
aa 111 11111111 11111 1111111111 my, w 1111111 1111111111 111 1111111, 1111111-
11111 1111111111, 1111111 11111111 1111111111. 2111111111 1116111 1111111111-
cium (1), 11111111 11111111 11111111 1 jego rodzinQ 1111111111. 11111 majano
1111 11111111 111111 1111111111, do kwregoby 111 1 111111111111111111 mag}
1111111111, 1111111 111111 111111111111111111 11111111 1111111111 11111 111111 1111-
111111 (Luschnioium), 111111 1111111111, 1111111 czyjkolwiek 1111
1111111111, 11111 1111111 1111111111 111111 1 11111111 1111111111 1111 1111111111 Τ11111,
od 11111131 1 11111111111111 'faborytami 1111111 11111111. 1111111111 111111
tego 11111111 11111111111111111111111, 111111 111111 1111111111 11111 11111111.
Pomm 111111111Ζ1111111111111111 11111111111111111 1111111111, 1111111111

111 Zygmunta 1111111 do (111111, 1 1111 1111111111111111 1111111111 11
81111, 11111111 mu 1111111111 broli i konie.

 

