-999 999999 9999999999 9 99999 999 99999999 ι9999999999999 999999 999999
-oq 999) 9999999999 999999 999 999999 9999 999999 9999 99 999999 99 9

mna 99 9999999 99999999 999999 999919999ξ99999999 9 9 ’9999999999 9999999999
aquaem 9 99999 99999999999999 999999 ’9999999999 9999999 9999999 ‘munz

999999
999999 999999 9999999999 9999999999 9 99999999999999 99999 99999 9999999999
9939999999 9999999999 999999 9999999999 99 9 ι9999999 99999 999 99999999 99999999
[9999999999 9999 99 999999 ι9999999 9 9999999999 999999 9 9999999999 999
99999 99999999 999 9999 9999999999 9 99999 999999 9999999999 9999999999
99 ί99999999 999999999 9999999999 9 9999999999 999999 9 (93999 999 99999999 9
9999999999 99999 9999999999 999 99 ι999999 999999999999 999999 99999 9999
999 99999999 9999 99999999999999 99 9999999 9999999999 99999999 9999 99999 9
99999999 9 999999 9999999999 9999999 99999999 (9999999 99 999999999999
99999 99 999999 99999 99999 9 999999999 ι9999999999 9999999999 9999999999 99
999999 9999999999 9 99999 9999999999 99 9 ι99999999 99999 9999999 99999 9
’9999999999 9 9999999 9 9999999999 999999 999999999999 999999 9999999999
ι99999999 99 99999999 99999 9999999 999999 99 999999 99999 999 999999
-od 99999999 999 ι999999 9999999 999999 9999 9 ι99999 999999 9999999 9999999999
9999 99999 9 999999 999999999999999 999 9999999999 999999999 999 99999999999
od ι99999999 M 99999 9999999 999 99 999999 ί99999 99 99999 9999999999
999999999999 9 9999999999 9999999 9999999999 9 999 99999999 9 9999 999999
-99 999 9999 999 9 ι999999 999999999 9999999 999 99 (99999 99 99999999 9 (99999
-999999 99999 9999999999 99 9999999 999999 9399999991 99999999 999 99999999
’9999999 99999999 99999 (999999 9999 999 9999999999 9999 999999 999 999 999
99999999 9999999999 9999999999 9999999999 9 ί9999999999 9999999999 999999
od 999999 99 999 9999999999 99999 9999999999 999999 99) »9999999999 99999
999999)“ 99999 9999999999 od 9999999999 99999 9999999 9 9 999999 999 99999999
9999 99999999 999 9999999999 9 999 [9999999999 999999 999 99 99 99999999
9999999991 9999 9 ’99999999 9999 99999999 999 99 9999999999 9999993999 99999
999 έ999999 999 9999 999999999999 9 9999 9999999 99999 [99999999 99999999
9993 ‘ww 9999999999 9999999999 9999999 9 999 (99999999 99999999999 9
99999 9999999 999999999999 99999 9999999999 9 99999 9999999993 ι99999999 ·
9999999 99999 9999999 9 999 9999 s 99999999 9999999999 9 9999999999 99999
-9999 9999 999999 9999999999 99 999999 999 9 99999 99999999999999999 9999993
9999999 999 9999999 (9999999 9999999 99999 99999999 999999 9999 9999999 9999999
¹ -999 999 999 9999 99999 9 9999999 9999999999 999999 999999 9999 ι9999999999

‘affl *a ’99999999 9999999999 999

 

