1v

0101100 w. 214. 0011100110 01011 36. 93.

010011 010 Pium, qu. 588. 0011100110 0100111011 93.

01001115 176. 216. 219. 244. 246. 250. 253. 254- 0011100110 810110100011 15. 16.
258. 268. 302. 327. 333. 347. 371. 427. 428. 0011100110 10 8101010010 321. 563. 581.
431473. 513. 520. 540-543. 559. 561. 562. 0011100110 10011111 11. 74 86. 93. 100104162
569. 571. 610. 615. 616. 626. 640. 362. 400. 408. 471.

01001101 10111. 426. 0011101001 1 8111110101 38. 87. 289. 291. 367. 372.

01001010111100110110 219. 234. 235. 244. 525. 527. 563.

01011101 116. 0011101001 1 0011010111 581.

0101010101 kl. 14 -— 17. 212. 272. 0011101001 1 1401011 1. 1101111011 280. 367. 425.

01010011 10100011) herb 011. 62. 0051011101 (0010001101) m. 175.

0101000011601 1001. 391. 0011101061 10. 189..

01001 5. 216-218. 234 243. 253. 275. 307. 324- 000111110111 11010114. 13. 18. 31. 32. 36. 85. 95Ι
327. 334. 345. 346. 352. 368. 369. 398-400. 102. 154. 199. 242. 291. 423 - 425. 429.
404. 427. 428. 437. 457. 459. 466. 471. 473. 658.
542. 544. 545. 560. 610. 613. 618. 621. 624. 001111 herb 011. 67. 145. 260. 524. 639.
625. 630. 0011011011, 11110. 501.

0100110 1 10101011 580. 001101 0. 401001ος0 ob. 1100110100.

0100110100 0. 267. 001101 herb 011. 93. 145. 356. 517.

01101001001 01 369. 548. 001011111 1011010 69.

01100100181001100) 01. 41.ι 00100111 1 10111110 1. 1101111οή1111, 110011. 3100.

’ 0101ρί0 0. 69. 36. 93. 131. 146. 313.

01011110 1011010 69. 00101111 1110101011 1 10111110, 110011. 1011101515
0101011111 1001. 189. 284. 288. 486. 581. 000111111010 523.
0111110111 herbu 01010010 62. 000111, Litw. 175. .
0101101, 11110. 145. 001110όο 0. 165. 477.
0111110111 1001018. 001011, 010010010 1010101110083.
01111101 m. 175. 001011 1 10111000 499. -
0111όο 0. 586. 00110 (Thau) 01. 133.
00011111 (00110111) 390.
D. 01111101 10111. 280. 316.
0101111101).1110(110100 001001101οο 662.
011111 0. 425. 481. 01011011 1100110 576. 581. 608. 620. 641. 658. 659.
0111100111 w. 8. 01011011010 455.
0111110000 (0111015011) 01. 30 - 33. 0101011101 01. 138.
01111101 110. 103. 010101 11. 26. 29. 85. 272. 273. 283.
0111110011 132. 164 0111 1101111111. 55. 145.
01119101, 11110. 145. 0111110101. 251.
010101100101, 11110. 145. 0111110111 1010. 175.
0101110, Rus. 48. 00111001 11. 147.
010110, ks. Rus. 200. Duhno m. 202. 806. -
01011 100111) 10. 226. 0111111 11. 133. 219. 316. 340. 589. 603. 657. 661
0101011110. 145. 663. 673. 675.
010001011011. 48. 71. 145. 638. 676. 01111101 8111101112.
0010110 011. 0100100011. 0100111 111011. Eget. 566.
00110010111 m. 202. 0100111 110111. 1 01011). 6110011 582. 586. 589. 593.
000100100101. Litw. 145. 594 597. 611.
01601011010101) m. 130. 0110111 1411101110 (10101111) 53.
0111011111. 480. 0111111όο 1001. 27. 29. 30. 74. 88.
00601100 m. 189. 011110011 herb 011. 48. 145. 370. 563.
001101 011. 0011100100. 01101101 1 11110111 1. 0110101011 498-500. 539.
0001010100 m. 461. ἱ 580. 606. 613.
0011100110 1 01010101 14. 38. 50. 54. 71. 73. 85. 01101101 1 0110010010 1. 111101100011 159. 419.
131. 146. 291. 367 379. 414. 515. 525. 580. 476. 552. 581. 584.
606. 0110111οο (01111011, 0111100) 1000101 1011111-
0011101110 1101111145. 000 m. 11001. 69. 70. 153160. 161

 

