111414. 1111110111 11011110. 169

101111111111111110111110111111111, 11112 mavia 111 1111, 0111111110·οο
1111011010ιί 1010111111 11111111 1110111111 v 111111.

J 11 Η10, 11000010 01 12111 11101110 1011111111011111, 11110
1011101100 101111111010 2110101011000 111011 0110111 01202
0011000 02001110 11101 00101111010011001010001, 000201 00 010010 101-
0201111. 02101 10111000 1010101, 1010110, 1 1011011000 1021101010,
1111111001 110100 110011001210, 010111102οεἰο 2210011111 11111011111,
000101 11101211 1111011211 111011001101, 1000121011111, 1010 11011010
0111101001 1110100 021010111010 00102010. 110 010 01010 1101101110,
11101110 011 1111011001010, 010 10110102011011011 011010111010
02001011 1211101 011101. 1111001 1210 21101100 111011101101102110111
1101100110οο 1011, 101101110102Ρ1101,11110011 1101010 Mi-
snii 1110101111110101010011100(1111110010 0111111). Ρο111111
Rus, 0121111101011010, 1001011110 112 0110 01110111 1 010010101010121-
011, 011110 1011011021111111 10 11011100· 0120020111 111010111. 01000
1020000 1110111111 100101011111 01111111, 100011012111021010 11011 210111
111111111010,1201020 1101111101100 111110111111100110020-
1111, 0001101100οε ,1010101101 010101 111010, 1010200110 00 1101111
,1 01001 1010 01111110 1 11 0110101, 010 00 1110101 1101 010 0120110111011,
,01210 11102111111011211110021111.“ 11201002010 0101011111 11011 (11-
00110011 1011-10 11111100, 1112001010 1010010000 101110000 1110 120110
21111010110011 010 01 1110. 11110111 010 1110120 nimi i 111110 210111010-
111, 111120110100001111100· 110101010 10010011 00110101, 211110111101112111
1111110101, 101020 00111000οο1 0100110 11010110, 0100121 1110111011]
1111011110 111100101111101011. 01 012010 110100 010 2 1111021110 00110
1111101011, 0002011 10 1020011101 (1101011011 210111100202011100111110.
100 2011100 1 od 10101011 0010010100 01110 10110 00 210111οι Ι,1120101111-
,0110 1010011111 11101 110110010101 11110. 10110120 101010 101100· 111
,11 1111100. 1001011 110 02011 10102011 0011011, 110 010111 2201100. Du·
,020 2 0101 1001012010 101001110011110111110211 110 11011, 1110110111010
,0112011100 020201111011. 00110 0201001000 110111011011. 111110 00 110-
,1111101101010101102011111001; 101111210 j 101010110 101010. 011010

,Βο00 1 01101001 0010121001111010. 0110001ἰο 1010 1 100121101010 11110-

,011 00 00110. 111010 10112000 0011 022101101010111. 1101011 0011111 101

,1 11101111, 0110011100110111111110. 11110111 001111010110110 000111-4

,101 0101011010. 11101 012001 010111, 10101 110 1111110110 1101011οο 21000,

,1101011 11111 0011111110. Κ1011110110110100010121011, 1011101011

,1111100 111 1111101100· 0111110101100Ι 011010111 00110111, 100110011111110
J, mucan. nnius· reisue. Κι. 11, 22

 

