111438. 1111111111 11111111110111. 553

gu, 11111 01111111111 111101111111110111111 N. P. 111111. ’111 1111111111
111 10 mnio: ,11011 (111111) 101111, 1111011 1111111111 1 11111011. 11111
1111111111 111 11111 1111111 10111111, 111 1111111011 11110 11011111 1111011111,
11111111 1 1111110111111; 1 1111111 1111111 1111111 1111111111, 1 1111110
1111 111 1111111111 1011011111 1111111 1011101111 1111111111 1111111111110111,
ku 1111111 10111111111 0111 1101111111, 11111 1111111 1111 1111111111 11111
s 1111111111 10111111, 111111 stop do 110111 111111 11 11111, 0111111110111111
,111111 1111111110111111111111 1111111110 111, 10111111111.“ 1111111.
1111111 1111, 11011111111 mi 11111 111111, 11111 11111111111110111
11111111ε ,11111 111111, 1111111111 go: 1111 11111 po 1111101111 110111111-
111111 11111 Na 11 110111, 11111 1110110111 1111111011 11111111 111111
w 110111 1111111, 1011111111 11111011011111101111111, 1 11111111 1111111111
1111011111111110111111 1 11111111 11111111 1 1111111 11111 111111, 1111111111
11111011 1111111111 11110111, 11111111 11111111; 1111111010111111 1111111
1111111111 111111 111110 1111111 0111111, 111 1111011111111 11111· 1 11111111,
111111110111111111101111 1111111111. U 1111111 111111 11110111111 111-
1111, 1111 11111111 111 111111111011111111. Ρο 1111 1111111111 111 111111
111111 11110 10 1111, 1111111111 111 11011111 1111, 10111111 1111111 1111111

1 1011111, 1 10111111] 111 1111111110 11111111, 11111 1101111, 111 111 111110, ·

111111 11111111 1011011, 01111111 111111 1101111111 1111111111 (1011111111 po·
11011 1111 11111 1111111111, 1111111111 110111 111111 11111011, 1111111 11111-
1111 1 111111111111111; 11111 1111111111, 1111111111111111, 111111 111111
11111101111111111111 1111011111 1111111 1 1111111 0111111011 1110 10111111
111111110110, 11111 11111010 11111110 111111111 11011111110. 1111111110
111111111111 111 111111 01111111111 1111111, 10111111 11111 1111111, 1111-
11111110111101111 11111111 11111111 1110101111111 111111 11111 111111
111011, 10111111] 111 111011110111111, 1 1011111111 11111110 111111 1111-
1111, 111 111111; 111111 1111111111111111 11111111111111011 11111101011,
1011111111 11110 1111111 1110111, 11111 1111 1111111 0111111110111111
1111011110, 111 11 111111 11110 111111 11110 1011111111 1111111111. 111111
11111 1111111111 01011111011 1111 11111111, 1 1111111 11111111 1111111111110-
1111011111, 1111111111111111111111111111111, 11 11111111 11 1111111. 1111
1111101111 1011111011 1111 110111, 1 nanim 111111111111110111111, 11111
1111111 111 1111111 10 111011 1111111111 11111111, 11111111111111 1111111111
do noha. 1111 111 111101 10111111 1111 progu: 1110111111111111111111 ku
11111, 11111; ,(11110, 1010111 1111111111 11111 1111111111 1010111, 1111111
11111111011.“ Te 110111 11111111111, 1 1111111111111111 11101111, po·
1111111 1011111111 11111011111111. Alie gdym 111111 10 011111 11111111
1111111111, 1101111111 1111111111 10 1111 1111111111011111, 11111 1 01111,
11111 111111 11101111 111111 1111110111, 1 1 1111111111 1111111 1111111110 11-
s.mngm.nsu101²olnkio.xn.m ’10

 

