’11111111111111 111111 1111111 1111111111111111111 11111111 1111111
-111111111111111111111111111111111111111111111111111111111
11111 1111111111 1111111111 111111 1111 1 1111 ι1111111111 111 111111 1111111
111 1111111 111111 1111111111 311111 11111111111111111111111111111111111
-111 1111 ’11111111111111111111111111111 1111 11111111 111 ι11111111
-111111111111111 111 11111 1111111111 11111 1111111 111111 1111111111
11111 1111111111 0111111111111111111 1111 111111
111111 111111111111111111 111111 1 11111111111111111 111111 11111111
-1111 1111111 11 11111111 1111 11111 1111111111 1111 ’11111 111 1111111
ι1111111111111111 1111111111 1111 11111 1111 11111111111111111111111
’1111111 11111111111111111 11111 111111 11111 1111111 1 111111 1111
1111111111 1111111111 1111111111111 1111 1111111 1111111111 1111
1111111 1 11111111 ί1111111111 111111 111111111111111111111 ·.11111111
111 11111111 1111111111 1111111 1111111 1111111 11 111111 ι11111 1111
11111111111111111111111111111111 ’1111111111111111111111111
11111 *11111111 11111111111111 11111111111111 1111111 11111111111111111
1111111 1111111111 1 1111111111 Ι1111 11111111 11111 1 1111111111
-11 11111111111111 1111111111 11111 111111 111111 11111 (1111111111 11

op 11111111 1 111111 11 111111111111111 11111 11 1 1111111111 1
1111111111(11111111111111111 111111111 1111111 11111111

1111111 11111111111111 1111111111 111111 1111111111 111111 111

1111111111111111 11111111
111111 ι111111111111111 4111111110 1 1111111 1111111111 11111
11111111 ι1111111 11111111111111 11111111 11111111111111111111111111
111111111111111 1111111111 1 1111111111 1111111111 1111111111 111111
-1111 111111 1111111111111111111111111111111111 111111) 1111111
111 [1111111111 11111111111111111111111111111 1111111111 11111

“ 1111111111111111111111 11111111111111111111111 1111111111111111

1111111 11111111 ι11111111 111111 s 111111111111111 11111111 1111
-1111111 ξ11111111111111111111111111111111111111111111111

11111111111111111111 11 1111111111 111111111111111111111
1111111111111111111111111111111111111111

’1111111 111 11111111 11111111111111111 111111111 111111111111 1111111
11 1111111 111111 11111 1111111 111111111111111111111111111111 1111111111

. 11111 11 ’01111111 1111111111 811

 

