6. 1418. 6666666666 66666666. 201

1111161616116666611, bez 1616666 6666661616661616616, 161611 J 666
661 1166661166, 1616666 6 6166666666, 1666161 6161666 6 6616661 1666-
661, 6666111 661616 61666661. 166116161 616 6 6161 srogo 6166611, 16
6166616666 ich 66 6666111666 1 6161661666 do naga, 16666 661 1 1666666 61-
66 666116 11166661661616666116666 6666166666616 616 6 6161, 6666666-
16111 161161 (116 61616666Ι 16116 66 6166161661. Ρ666166 16166666 6666616
661666 6166666616 to 166 61616, 16 6166161611 616616 11666661 6661611661, 6116-
rych 616 61161611 66166166. ’

11611 1116166166 1616 61 papien 1166166, 61616661611661666 vm :jogo
pinon 66166616 61666166 66616616 brata 661 wago 8611666116, po po·
16166616 616 1666 dimaon, 6116666166 1611166.

111116161616, w 6161116 Sw. 1616166 16661616, 1116166166 1661 ’
Polski 6666166666 (1611666666, 1 6161666666 616 6 66161661 1 666661
1661166166, 66616661 1616616616, 66166 666616 66161616 6 6166661666161-
16616666, 6616616666 6616666611666661661611666 1661661666, 1 jak
66116 6 autorem 1666 61666 66616616. Po 61616 66661661 1 66661661, 6661-
661116 116661666661616ι ,61616 1666 1611661666, 6616616666666-
,61166 6616611666166661611666, 66161 6166166 16166116116616661

,666116 go 6666661666616666.“ 1166616 papie& 616661 6166616666 616
na 6166 6661666, 616 66 6161116 1 661666 od 66616616616616, 6116666 (116-
616 6666611 6611. 1166161 666116 krol 1116166166 6 16666611666 616-
616111661616616116666666166616Β666611666,1161668661666-

666611166666661166166611666,111666166 6166666666 pisana,
(16161166, 616 6666 61166661666 1111616166, 6161116 1616166166
1611666116, 6166611111 166111 1 sposoby 666661666166 1166166 1616166616
11616616661616166616116, brata kr6lewskieg0, i pogodzenia, go 61616,-
1661661166661666 1111616166. 16666111 161616116666616111116161
661666 powrot, i 6616666 116166 66166666 66666611 6616661666666166.
Agdy Β6166166 66666611, 6666161 go 16616616, 1 661611 mu 6161661666 616-
11666 616616 1166116, 161616Β16661, 816616661111666666161,
11666 66 61 do 1616661 161616616 Alexandra 66616161.

W 1116161616, (1616 6166666666 81666616, 1616166 Anna, 66116616 1616-
16616 11666616611116116, 66166666161661661661661, i 6661666666,
metata 6 16161616 1111666116. 16661611 616 161616 6116666166 111-
16111161 16166616, 616161 6161666 6161166616] 1616661.

J. Num. 1111616 Pontio. Κι. ΧΙ.

 

