11111111 111111131 M 11111 111111 11111 13111 11111 11 έ11111111111111
1111111111 11111111111 11 1 (11111 1111111, 1 1111111 11111111 ι11111
-111111 111111111111 1311111111 11111111 ι1111111111111111111111 1
111111111111 1111111 111 1111111111 1113111111131111111111 111111

1111 1111111 111 111 1111111111 111111 op 111 111111 111111111 M
11111 111111 11111 ’1111111 1111111111 1311 111111111111 13111111 111
11111111 1111111111 13111111111111111111111111 11111111111 113111 ἐ111111
-11 1111 1111111111 11111 111111111 11111 1111111111 111 11111111 111111111111
131111111111111111111 111111 (111111 11111111 11111 1 111111 111111 11111
1111111 111113111111 11111111111111111 11111111 ξ 1111111 111111111 111111
-111111 1111111111 11111113111111111111 111111 1111111 ι1111111111111
1ο 1111111111 1111111111 1111111 1 1111111 111111

111111111 1111111111 ι 1111 111111 11 1111111 1
111111 1111111111 11 11111111 1111111111 111111 1111111 111111 1111
1111 11111311 1111111111 11111111111111 13111111111111 11111 1111111111

’1111111111 1111111 11
1111111111 1 ’11111 ι111111 (11111111 ί1111111111111 ι111111111111111111
11111111111111 (1111111 1111111111 111111 11111111 11111 1111111
1 -1111 1 (11111111111111311111111111 1111111111) 1111 11111111 111111
1111111111 1111 1111111111 11111113 1111111 op 11111 1111111111 ι111
-111311 1111111 1 1111111111 11111111111111111111 (11111
-11131 M 11111 111111 111111111111 11111111 1111111111 1111 1111 1111
(1111111111 11111 11111111111 11 1111111111 11111 11111 1111111 1111111
1111 111 1111111111111 1111 1 1111111 111111111 11111 ι111111111 ι111111
-11111111111111 111 1111111 11111 11 1111111111 111111 111111 11 1111
1111111111 11111 1111111111111111111111111 111 11111 1111 1111111
1111 έ1111111111111111111111 11111111111111 1111111111 11111 111111
-11111 1111111111 1111111111 1111111111 1111111131 M 11111 1 11111111
11111 11111111 111111 11111 11111111 M mu 11 ι11111111111111111113
1111111 ’1111111111 M 11111111 111111111111111111 11111111 13111111
*111111 1111111111 111131111111111 ι11111 111111111111311111111111 111
11111111 13111 111 11111111111 11131 M 113 v 1111111 11 1111111111
-1111111111111 1 1111111 11111 1 111111 1111 1 1311111111] 11111 111111

’1111111 11111 111111 ’11111111 1111111111111111131111 11111111111111 ’

-110 1111111111 1111111111111111111 1 111111113111111111111 1111
-11 11111 11111111111111 1111111 1111111131111 11111111 11111 (1111111
-1111 M 1111111 11111 11111 111 1111111111 ι1111111111 1111111 ι111 1111111

11111 1111111111 11 1111111111 , 919

 

