11. 1434. 1111111111 11111111. 491

cami. 1111111111111 1111111111111· 111111111. 11111 11111111111111111111-

mit i purpura. 1111111 11111 1 111111 1111 1 11111111 111111 1111111,
1 11111111111111111111111111111111 11111 1111111111 111111 1111111111-
1111111, 111111 1111111 111111111111111 111111111111111111. Po 1111-
111111 111111111111, 111111 11111111111 grobie 1111111111, 1111111111
przygotowanym, 1111111 1 1111111111. 11111111111111111, 1111111 11111111-
11111 1111111111 1 811111, 11111 111111 1111111 11 11111111111111
11111111 1111111 111111 1111111111

11111111 111111 111111 11111 11111111 111 11111111111
111111 1111111 1111111111, tobia gwoli 11111111.
11111111 by} nie 11111 11111, 11111111111111 11111111,
Kiedy 111111111111111 1111111111 11111111111111.
(11111111 111111 1111 1 tobia, Μ11111111 111111,
Ζ 111111, gdy 111111 1111111111 mi 11111
1111111111 111 111111 1111111 1111111111 1111
Dzieje twego rodu, 11111 111111111111 111111 v
11 (1111111111 1111111111 111 1111111111] 1111111111111.
Ο 111111 11111111 11111111111, 111 11111111, 111111111 1111111111.
11111 1111111111 1111111 (11111, 1111111
811111· Μ111 mojej 11111111111111.
Nigdy 1111111111111 11111111 1111111 1111111111
Ale same losy 11111111 ciebie 1111111111,
11111111 1111111111111111111111 01111111
11111 1111 1111 zacniejszego 11 1111111111.
Ρ1111111111ο ludzie, kiedy 1111111111 (11111111
1111 111111111 1111111111 11111111111111111,
Ι po 1111111 drugi 11 1111111 1111111 11111111,
11 biegu 111111 dni 11111111 1111111111
11111111 111 11111 1111111 11111111 1111111111
(111111 11111111, 11111 11111111111111111111.
Po 1111111111 111111111111 11111111111 1111111,
1111 11111111 11111111 1111111 111111 pana.
1111111111111111 nim jednak 1 11111 11111111
11111111 111111 pora i 1111111111 sie 1 1111,
Μ111111111111 1111111 11111611111111 albo 1111111,
111111 1111111 1 11111111, 1 mawiac‘: o! 1111111 111111,
1111111111, 11 111111 moja 11111111111111,
Ρ1111 (1111111 1111111111111 0111111 Zbawicielu!

Gdy 111611 1111111111 111111 Lutego 1111111,
Β11 1111 1111111111 111111 111111 11111111,
Α 1111 1111111 1111111 11111111 111 111111111111.
W (11111Ρ11111, po 1111111111 11111111 pulania,
1111111111 11111111111 1111 11111111,
11111111, 11111 111111 1111111 111111111.

 

