548 1111111111 111 1111111111. 111438

(1111111 111111 1111111111 111 1111111. 11111111111 111111 1111 1111111111
1111111111111 1111111 1111111111111, 1 11111 1111111111 1111111, 11111 1 1111-
1111 1111111111, 1 111111 1 1111111111 11 111111 11111 11111111.

1111111111 11111 11111111 1111111 8111111.

1111111111 1111111111, 11111111111111 01111111 111111 1111-
11111 11111 11111111 11111 1 111111, 111 1111111 1111111 krol 111111 1111-
111 nim i 11111111111111111111111 1111111111, 111111111111111111111111111
1111111 1111111 1111111; 111111 1111111111111 11111111 1111111111, 1111111
1111111111 111111 1111111111 1111111111, 1111111111 1111111111 N. 111111 1
Ρ11111 111111111 11111 11111111 11 11111111111. 8111111111 11 11111111 ‘
11111111111111111111111111111111111 11111111111, 8111111111111111,
1111111111 101111111111 11111111111111111111111 1111111111. 81111 krol
1111111111 11111111111111111111, 111111111111 1111111111111111 81111-
kim, 1 111 1111111111, 11 111111111 Κ1111111111111, 111111 111111 111111
111111111111 111111 11111111, 1111111111 111111111 111111111111111 11111111
(1111111111; 1111111111, 11 1111111111111111 111111 1 1111111111 1111111111 11
11 1111111111 1111111 1111111111, 111111111111 1111111111 11111111. 1111111111
Ρ111111111, 111 11 oni sami 11111111 11111 1111111 1 1111111111 1111111111-
111 11111 11111111111111111, 11111 1111111111, 81111111 1 1111111111
1111101111111111111111111111, 11111 11111, 1111111111111111111
1111111111, albo 1111111111111111111 111111 1111111111111111111. 111
1111111 1111111 01111 1111111111 111, 11 1111111111 1111111111111111111·
111 (11111111 1111 11111111 11 1111 Κ1111111111 11111111 J 111 1 ’11111111
11111111 811111111111 1 11111 Ρ111111111 1 (1111111111, 111111,
Η1111111111Ρ1111111111,111111181111111111111Ρ11111111111,1111-
11111111 1 1111111111 11111111; 81111111111 11111111 Ρ11111111111
111111 1111111), 1111111111111 111111 8111111111111111111 1111111, 11111
11111111 111111111 111111 11111111 1111111111 1111111 11 1111111111 Ρ111111-
11111111 1 1111111111. 1111111111 1111111111 Wielkiej Polski‚ 11111111-
1111111111111111111111 1111111111 81111111, 1111111111 1111111111 1111111
1111111111, 11111111, 111 111111111 111111; 11111 Wielkopolanie 11-
1111111111111111111111111111111 1111111111 11111111.

 

