. . η 11111111111111111111111
-111111111 11111111 1111111 111111111 1111 1 11111 1 11111111 1111111
111111 11111 (1111111 1 11111111 1111111 11 1111111111 11111111 111 111111
11111111 11111111 11111 11111 1111111 11111111 1 11 (1111111111111 1111 1
’ ι111111111 11 1111111 111111111111 1111111111 (1111111111111111 11111 111111
1111111 ι11111111111111111111 1 έ1111111 1111111111111111111111111111
-111 11111 ’1111111 11111111 111 11111111111 11111111 1111111111 111 1111
-11 11111111 111111 11111 111111 11111111111 1 11111111 1 111111111111 1111
1111111111111111111111 ι1111111 11111111 111111 111111111111111111111111 111
111 1111111111 1111111111 111111 1 1111111 1 1111 11 11111111111 11111111 1111
ι11111111 111 11111111 111111 111 (1111111 1111111111 11 1111111 111111111
· 11111 11111111111 111111111111111111111111 1111111 1111111111 1111111 111
-1111111 111111 1111111 111111111111111 ι1111111111111111111111111 11111111 11111
111111111111111111 11111111 1111111111 11111111 ί11111111 111 1111111111111
-1111111 1111111 11111111111111111111 111 111 11111111 1111111111111 1 11
1111111111111 111 (1111111 1111111111111 11111 1111111111 1111 11111111 111
1111 111111 1111111 1111111111 1111111111 111111111 11111111111111111111
-111111 11111 111111*111111111111111111111 1111111111 1111111111 111111 111
-111111 1111111111 1111111 11 11111111 1111 11111111 1111 (11111111111111 1
1111111111 1111111111 11111111 1111111111111 1111111111111 ’1111111 1
111111 1111111111 111111111οὲ 111 1111111111 11111 111 11111111 1111111
11111111111111111111111111 111111111111 1111111 111 1 111111 1111111
1111111111111111111111111 ι11111111 111 111 11111 ι1111111111 1 1111111111
111111 1111111111 1111111 1 111111111111 1, 11111111 111111 111 1111 ι11111111
111111 5111111111 11111111 111111111111111111111111111 1111 1 1111111)
1111111111 11111111111 111111 1 1111111 1111111111 1 111111111111111 ι11
-1111111 111111111111 1 111111 1111111111 1111 11111111 1111111 ι1111111111
11111111 111111111111 1111111111 1 1111111111 111111 611111111 111111 1111
111111111111 11111111 11111 11111 (111 111111 έ11111111 111111111111111111 ,
1111111111111111 1311111111 111111 11111111 1111 ι111111 111111111111 111
11111111 1111 1111111111 1 1 111111 11111 ι1111111111111111)1111111111111
1111111111 111 1111111111 11111111111 11111111 1111 1111111111 1111111 111
11111111111111111 1111111111 1111111 1 1111111 11111111111 (111111111111111111
11111111111111111 1111111111 11111 11111 1111 (1111111111 1111111111 111
1111111111 11111111 11111111111111111111111 1111111 11111 1 111 ι1111111111111
11111111111111 111111 111 11 1111111 ί1111111111 11111111111111111111111
1-1111 111111 111 (11111111111111 ,,·111111 11111 11 1111111111111111111“
-111 111 1111111111111 111 611111111 11111111111111111 1111 ι111111)11111“Ι
1111111111 1 111 1111111111 1111111 11111111 *11111111 11111111 1111111 11111111“
1111111111 11111111 11111111 111111 1111111 1111 1 1111111111 1111111 11111111ιι

199 ’1111111111 111 1111111111 111111

 

