0. 1421. 000000οΑ0 00000000. 255

,0 1010 1010101. Ν10 0001010000 00 000001110 10000, 01010110 0001001000
,10000101 010000, 0100001010 101010 0000100 0000100001 1 1000100011001-
,10001 0000001110 000001 01000, 00101001 0 1010101000, 1 011001110 010010001
,1 0001000010100 100101 010100. 110 0011110 000 010 010 00010110, 01100010
,01000000101011101000000 0000010 (10001000, 1000 00000000 100001 0000010
,1100010100 1010, 0001000110 0100· 0000001000οω 010001001000101. 11000000
,0000000 0000010100 0000000101 00010 0110 00 000100010010 0000100,
„jeieli 0000000 0001000 000000000 mu i 011000 0010 0100010 8010010 1010
,0100001 001001, 0101000001 00100 10 00100001 01000 101010] , 1100100
,00110100 010 0001000. 10000 0000 0000000 0000000 10110 0000000000 1οό-
,100100 (1000110, 0000000010] 01010 010101010000000000 001000, 10111000·
,0100010 010100 0100100000, 1 0001101001οο 0 0001110 00000000 101100100οθ·
,010 1100010100, 0101010000110000 0001000 0000101111010100010 0100000010
,00000010000000001110100010 Ρο000010,111010010010 1 111010100-
,010 01101 1011001000 Ρο10110000, 0 0100010 100010 00101011110100010100
,0010 101, 1110 0101000000011000100 01000001, 11100 00 00100 0101000
,0110 0000000101. 1110 001 10 00000110 000010100, 11011 1 Pan 0000 010010-
,0000 101010 0001011010100010 8010010100100 0010011 0 0000010000 ·
„razio 1000· 100 00 000000 0100001010 ,Ρο1011 00010010. 1110101001οω, 10

1 ,1100110000 000101000 10000 000011001011, 10100001 101 1010001000, 010
,1011 00101 00 01000100 01όο 1000010010, 0 0010 000000000οἱ0 00000·οό 010101
,01 010110 00 0000 0000001010. 1000100 00001000 010, 01010000000101100000·

' „twojej 00000000011011010, 1001101010 100010100001 00000 010 000000]-
„mnioj 0000000 00010001, 0 1011001 1 101100100 00000000 010 01010000 1 010-
,0000, 1000 00001010000100000000 0000101000( 01000001 010 0000000101οω ’
,100000010000010000 (110101 00001000 000101100001000100000000001101100 '

η ,101 110 010110 11001 00001000 0000000 0101001101 mu 010 000000000010;
„jak 0101000 1 0100001010ἰο 10001101100100 1000 0000100100 001010 110101

Ι „je 000001000οΆ

³ 10010001 1011 1100000101 0101010ιο 10 0 010010 1101001ον0101 1011001 1011110000
³ (10 v (0011010100 101000 01010 00000 11111010, 0110 1001000 11101011ον0
100010, ι 01011100 00000100 1 0100010 8010010.

1100000100 20000001 1011 11000011 1 1100100011 0001000 Pol-
01100 0000000000 101 0100010110

,010000 010 100100 0 0000001000] 01 000001010010110000100001 00000
,000 0101010οο010 010000 10010 0000000, Νο1101010100000 11101001000 10110

 

