486 6616116666 16616666. 161434.

,16661166166666611116611; 6616, 161 1111661666, 6116616166616111
,66116 1666 661161 mogo i 6661611161 616616 166161616 1 666166616, 161 66
,1161616 Krakowskiego i godnego 66611161 16111616 8166161666
,16161616 111666 166616, 16 na 16 66616116, 66 6161161, 6161611166 611
,6 6611611661666616, 6166161 616666, 11 166616 611661616161 161666
,1616166 Tyle 161661 61661 16616161161 1661666161 1166161161 116 66611
,1 1611611116161, 1666 16 6166616616 11116, 1 66 1661661666161 11116 16·
,61611 1666666 661666 11661161666616, 16 1161611161616611161611616116161-
,1616666 161616 61 6161661616 Pana 611661661 6661611161 11666116 6116-
,666666161

161661 16161611 6 1611 1 611111611111161116 1611111616 11111616.

, Po 66161616616 6 166 616611 61166 1611166161 6116616 6161616,
“ 6161 611 1111 1116116166 do Κ161666, 11616 616161166161 16161166
166161161116 111611666666 616161611. 1166616 go 161 16 66661 6161166611,
16 161111 116611 11116111 (1111111611161611 6116661 16166616661 61-
6616616161161 611 111 16 (16661, 1 166 1166116611616111116 1166111616-
611 11616, 11611 1 6116661611666116) 6611666616116161 666111 0666116,
6111116 16616166 11111661 116166, 611666616166, 611 1111166611, 111-
616 66616 0661661166 161161, 61666661, 6 61616666661 66 616166166611,
611161616 6161666 61116161 6616111616, 66 616611 1616111 1111161-
611. 16166 6116 6 1116111 Ρ11161, 616 66616166 66 611661611 6 16161611-
6161 1616116 16661616, 616161 1111 1166616 61666 666161 1166161 6616616161
111161, 6166161 1166116616166 611 11661 11166 66611666 16611 616166666116-
1166111, sami 16166116 66 116666666666 6161666 166611 6666111616, 1666666616
1616111616 111161116 6166 6 66161166 6666111 do 66166611, 1 616 1611116111
66 611666616 166611116166616116.

1111111166 1111 161111 6 1116116, 61161111 1616 11666116 11111161116616616
6116616, 1616111 16 161611.

W 166161616161 16 16111661 11161166666161 1116116166 1111 61-
166661 6116 11161666, 1661616611166111616161 661161, 1 6616166116
Η61166661; 661661666 166166 1611661616, 611 Stes an 66166616 1161-
166611 111111116161611116661161 1116161 16 Η611666, 1 1616 11661
6616616166 1111666116 6116661 1 661161611116166611616 1611 616166161116-
61666616166. 116111 1111 66166161 16 16616 66616 1 661 161111, 66116

 

