614 000000οΑ0 111 0000010000. 01440.

skiogo 01001 000010 11100, 0110101000 (1000110000010110 0000010
01000001010100, 0101011 000001 0 Pradze, 0101000011 00000000 0100100οἰ,
’1000010110 calogo 1000100100 0001000οἰ001θο 0000000011 10101 (1000100το 00-
0000 10010. 1101100000, 101000 010000 0010 0000000100 0 (10000 (110000)

1018010000 0100001000 1 000000 000100100οι0 01010101 8010000010
(110101 110001Ρο00100, 101010 0010000000010100000 0000010100 0 1010010 00-

00001001, 0 1010, 1010000 010 01001011 0000000000 1100000011 0001 010100000-Ι

01001001, 01000101 00000000 1001010100ςο 2100010 sie, 10 0101000 011 (1000100
110010 110101000 0000000 010000001000100. Κο01000 1111101010 0001000000
000100 do 000010, gdzie 00101010 0100001 00010 0101000000, 000011οε ,010
,110001 0000101011001001001000001011100010, 0010 0100000111)το-
,10010 1 0000 100100011000, 000000οΙ1 0000010000 0000010 0 1001000-
„kami‚ i 0011000110100010100010.“ Ale 01000101 0101010000 00000011 00001-
01οο 10010000 0 00101010 1 00000001001010, 011000 0010010100100010010 00000
0010100000, 0100 00010010 0010 0110000 do 000000, 11000010101000010, (nugi
00100010 1010 0000 0000011000. 010000000010011100001000,0000010·
0000 0000 1110010, 0 00100οο00 100100 (1000110 1100010 1001010010
Bawarskiego. Ρο01000 00000 01001000 000010100000010 000όο 1000100100,

0010100010 Ulryka Rozemberskieg0‚ 1100010001οο 00010001

010000 1100010, 0 0010000000 0 100· 0000010 by} 10000100. Albert
101010 Βο000011, 0001110000 00001000001001000001010, 0000001000 0010-
00000 od Fryderyka 10010 110000011ος0, ,000 1000000 (10001100 0010

»00001010 sobie 00000· nie 0000000001“, 00100011 00011000 (10001000, 010 ‘
0000001 000100, 1 0100010100010000 001010000000000101001100100. Ozesi }
po doznanej od 1001010010 Bawarskiego odmowie‚ 00000000110000 0000, 1

1000101110100100010 10010 1000011000 0000101οο 0 00011)οτ ,010

,0010 0010100 11101001000 0000001 000010 100100100“; 0101010000 001, ’

0 0100001010 Ρ100001, 0010100011 10010001001, ,0100 000 010010 1000-

’ „lemczeski1110g10sil“. 110100110010001 000000 (10001000, 10 bez

0000000010 0101101010 0001001000 001001 0011 do 01000010 0100010001000000100,
0101000 0000110,10(100100(10 1000100100 1 10001010 000100 0010 do 0000010
0000000000, 0000001011 te'm obojgiem‚ i 001011 00001000, ,01010 0000100000
,0100001011 100000, (10001110 00010 0001010 010 01000010.“ (110 0100 00001
00100000· 0111000100 010 jak od 1001010010 Bawarskiego (1000011 0010000,
0010001011 jej 0101 od 1000010 10010101, 0001000011 001001 0101100001000.

’ 0001010001, 0000100000 do Pragi, 010000000ιο 000100 000001 0000010000101001 .
100100010101010010101010, 0100000000, 10 10110 0 00001όο 0000010100 ¹

110000000οο Ρ100010 1 1101010010; 110000 01011 mimo 0001000100]οπ 5

010 mogli 010 0 soba 000000010οε 1101010001 1000100, 0010 0100100 1001011-
· 00000, 0100000001, 10 00101010 0000010000010010000100ος Ρ100001 001

 

