106· 1111111111 11111111. 1. 14191 5

,11111111111111111011 11111 mogo 1111111111, 1111111111011011111111 10- j
,110110 Κο11111111111111, 11111 1111111111 11111111111111 111 10011111
,1 11111. Βο 1111111111, 111 11101111111111110, 11 101111111111111· 1110- x
„ny, albo w 111110111οὲ1 ioh 101111111011, 111 111 jadon, 111 10 1111111101 ³

,1 1 11111 1111111101 101101111111, 11 11111111111011 1111 10 1111101 11101111,
,111 111 1111111 111011 111111111οὴ, 1 10 11 111 11111 111 11 11111 nam
,0110111111 1110111 11111 10 11101011 101111111111, 111111 0101011 1111111
,11111 1111111111 1 11101111 11011011111101111111011111. 11011111111101011111,
,111101111111111111111111111111, 11111111 10111 11101 innomi 11111111 11
,1111111101 1 10 ich 11111111 10111101111. Ale 10 11111110 10111111, 11 mnis,
,11111111111111110111111111 1 11011111111 1101011 11011111111, 111111
,11111 1111111111001111111 11111111. Za 11111 101110, 111111111111111110
,101011 111111 Ρο1101111111111Ι 111111110111111111 111111, 1111111111 111
,11111 1111111; 111111111111 moi, 111111111111 1011 01111111110111111111111,
,11111111111111 111 11111 do 11111111 11011. 111111101110 11111 10111
,1 1111011111 111011, 11 11111 1111111111111111, 1111111111110111111110
,1011110111 111111111111111 1111011111 111111 11111 Falkomborga
,11111111, 11111110 111111 1111111101 11111111 11111111 111111111,110
,1111111011111111111 11111 11111111 1 11011111111, 1111011111 11111 1111 111-
,11111 111111111111111 111 10111011 1 11111 0111111111111111. (10111101111111-
,111111 1111-10 1 10111111 1011011011 tymi, 111111 1111011111111111111111
,11111 1111 1 101011 1 1111111111111 111111111111 1 1111111, 1 11111111-
,111 10111 do prawej 11111, 01111 111111 11011111 01111 same 11111111. 1
,111111 11111 1111111· 1111111111 1011111110 do wojny‚ potargawszy 1011110
,1111111 11111111 nimi 1 1111111111 1101111 11011 1 1011011, 111111101 1 10-
,11011 Βο111· 11111111 1011 101111 111011, 11111111 11111 1011 1111111 101 111011
,1111111111 111011111, 1 oi, 1111111111 01111111, legli 101 1111011111. 11110-
,11111011 111 11111011 111111 111 1111111111 11010111, 1110111111 1111111111
,0111111111 1111111011 ; 1 101111 1110111111 111 do 11011, 11111 11111011
,1111 1111111111 11 1111111111 01111 111 1111111111. Α 1110111 1011111111 10-
,11111111 1111111111, 11111 1111111111 10 1011 1111111, 1 1011111111 1111111011
,110111 1 1110111111111 ich 1110111111, 11 1111111111 111 11110111 1111111110
,11111111 11111 101111111111111111101111, 111111011 11111 1101111111-
„go 11111111, 10111 11111111110, 1 11110111 1110 111111111111 1110111 Zyg-
,111111111111111111111011111111111110, 10111111 11011 1011111,
,111110110111111 11110111111 ioh 111111; 1101111111 1110111111 1111011111,
,111111 1111101011011 1 110111ι 111011 1110111111 ioh 11110111111110111
,1 111111111110101, 1 1111011 10 111111111111111110 1011011. 11111111, 101111
,11110 11111 10 11111111, 111 1111111 1011110011 1111010011 01111111 111
,111111 1 11 1111111111 1111111110 10111110 1111111110, 111111111011111111-

 

