164 1111111111 11111111. 111414.

111111111111111 11111, 11 polu 11111111 1 w 111111 1 1111111111111111,
11111 1111111111 mummi 111111 1111111111111111111 11111111 1111111111-
111; 111 11111111 111 11111111 1 11, 1111111111 1111111, 11111 1111111111
11111111 1111111111 11111, 111 1111111 1 1111111 111111 1111111 1 11-
111111111.

Ρ11111111111111111 11111111 1111111111 111 111111 1111111111, od
111111111111111111 11 11111111111 111111 1 1111111111 1111111111111
11111111 111111111, 1 1111 1111111111 1 1111111111 11111111 11111111.
’111 11111 11111111111111111, 11 11111 1 1111111 1111111, 1111 1111 111
1 1111111111 1 1111111111111 1111111111 11111111 11111, 111111 11 111111
11111 1111111 11111 11111, 1 1111111111 111111 111111 11111111, ,111111111-
,1111 11111111, 1111111111 1111 111111 1111111 11 (1111111, 1111111111 111-
,11 podda} 11111111 111111111111 111111, 111111111111111 do Κ111111-
,111, 1111 111 111111111 11111111 11 11111111111111.“ 1111 111111111
1111111111111111111111 111111111 11 1111111 1111 11111111, 1111111 1111-
1111111 11111111111111 11111111, 1 11111, 11111 11111111 111 1111111111,
111111111111111 1111111 111111111 111111 111111111111. 1111111111 1111
1111111 11111111; 11111 111111111, 111111111111111111111111 Κ111111-
11111111111111111 1111111111. 11111 11111111111111 11111, 111111
1111111111111 1111111111 1111111111, 111 1111111111 111111· 111111, 1111111
1 1111111111 1111111111 11111111111111111111 (111111111111111, 1 -
11111111111111111111111, 111111111111111, 1111111111 11-
1111111 11 1111111 1111111111, 11111111, 11111111111111111111111 J 111-
111 1 1111111111 1111111111 Kaliskiogo i 1111111 (11111111
1 (1111111. 111 1111111 11111111 111111 J 11 XXIII 11 11111111 11111-
11111 1 11111 1 1111111111 1111111 1111111111 1 111111111111,
111111 1111111111111111111111111 1111111111111111111111111111- ·
1111 111111111 11111, 111111111111111111 11111 1111111111 1 11111111Κ11-
1111111, 111 1111111 11111111111111111, 11111111111111111 1111111111-
1111 1111111Β111; 1 11111111 1111111111 111111111111111111, 11111 11111-
du 11111111111111 1111111111 1111111111 1111 11111111. 111 1111111111 1111
1111111111111111111111111111111111111111 11111111111111111-

111; 1111111111 11111 11111111111 11111 111111, 111111 1111111111 111111-
1111111 111111111 11111 1111111 1 1111111111.

 

