Ι 65 ΤΧ ‘⁸1 ’Ἧῆθᾱ 'Dm ’ΝΜ 'l'
999999 op 999999 9999999999 9 9999999999 ι9999999999 9399 9999999999 ί9999
-99 9399 9999999999 99 ι9999999999 9399999οᾶ 99999 999999οᾶ

’9 9 d 999
,99999 9999 99 99 ’9999999999 ιξῖἷῖῖιο 9999999999 9999999999 99999 nm!
9999 99 99 999 9999999999 ’9999999999999999 99999999999999999999999991
-999 mm 99999999 9 999 9999999999999 ‘pm 999999 9 mmm 1911

»99999999 99999 99999999 999999 99999 9 (99399999) 999999990 99993
9999999 599999 9999999999 9 9999999999 ’9999999999 ι9999979998 999
-9999 9999999999 9 9999999999 99999999 ι999990 9 9999999] 9999
-999 69993999) 93999999 9999999999 9999999999 ’9399999999 9999
ί9999399 9 9399999 9 9999999 ι99999 9 99999999 9999999999 9
9999· ἐ999999999999 9999999999 ι99999 99999999 99999 99999999 9
9999999999 9999999 ι9399999999999999 99993999 9 ι93999999999 9999999999
9999999 999999 99 99999 (939999999999999 9999999999 9999999999
ι9999999 9399999999 93999999 9999999999 9399999999 99999999 99999
99 999999 99999999 99999 99399 1 9999999 999 *amen
99999999 [9999999999 9999 99999 ι99999 9999999 9999999 999 9 9 99999999
9999999 ς99999999 ι9399999999999999 9999 9 93999999999999
9999999 ι9999999 9999999999 (939999999999 9999999 9399999 ι99
-9999999999999 9999999999 999999999999 έ9999999999 999999 Λ 9999
-9999 93999999 9999) 9399999 ι99999999 9399999999· 9999999999 !
93999999999999 999999 (99999 9999999999 9999999999 99999999 M
99999999 99999999 9999 ι999999999999 939999999999999 9399999999 9399999999
9999 ι99999999 M 9 oms ’9999999 9 9999999999 9999999999 999999
999 ί99999999 99999 999 9999999999999 g 999999 999 99 ’999999 9999999999999
-999 9999999399999 9 999999 9999 9999999 99999 9 699999 99999999 99999999
-99999 9999 9999999999 9999 ‘0301110106 99999 'alp 9999999 999 999999 99
99999999 999 99 ε999999 999999 99 9999 9999999999 9999999 999999 9999999999
99999999 9999999399 9399999999 99999 99999 9999 999999999999 999999
-99 9999999 9999 g 99999 999999 999999 9999999999 9 99999999 999999 99999
9999999999999 99999 9999999999 9 999999 999999 93999 »99999999 99999*
-9999 99999 9999999999 9 99999999 1² «999999 999 999999 999999 9999 w
99999999 9999999999 »9999999999 99999999 9999 9 99999999999999 9999999“

Ι ’9999999999 999999 99 999999 9999999 ι999999 99999999 99999999 9999999 999999

-9999 9999 999 999 ι,9999999999 g 9999999999 9999999999 9999999999 9399 99999*
-999999 99 9999999999999 99999999 9999 9999999999 999999 99999999991 99999
9999999999 ,9993999 999 99999999 999999 9999 999999 9 999999 9999999“

qgg ’99999999 9999999999 99999 ·9

 

