61434. 6666666666 66666666. 489

6 16666 666661, 1116166166661Κ6616166666, 16116666666166-
666166661666666116661, 66616 6666666 6616611161 61111616 1616161666
6616666, 66111666 6666666616 1616616166 16116 66666111. 1616166661 161-
166166 1616 66 66666666 66666 6666611161 61666661 16166 66666616. Wy·
6166116 66116 6 6666611161 16166116 666666666, 66616 66661661616661 6666-
66166616 6666611161 616616, 66166166 161 66666161, 16166 6661666 Κ6616·
661 6666161611 6666661 616 66 666666616 61616 1616661666 161616666-
6161666 666616 616 616666 1 6611. 11616616 616616616666 1 161616 666666-
16666 661611 161166611616 616666, 6 16661 666666 1616 6666616 616 6616-
1616166 1616166 6ο 6666611161 1616161661. 01616 661 6161666 6 16161616 16.
11161616 66 66616 1661666116, 61616 66666 66111 6666 66166616,
6 66666666 16666616 6666 6116 661 666666116166 61661 66 16161 6 6666.
0666116666166166 66 66661 66616116 1 66616661666161166166, 1661616661
6166616116 616 61666161 66666616 16116. 161 11166166116166 1166166-
61111666166166661616661666161166166Ρ61611666,6161666166-
616161611166 66166, 1616116661661 6161661616116 1 1661166166 66 66166
Β666166611, 6661616666 616 6 661611 66661611 1616666616, 61616 616-
666 66666 161 616, 6166616666116611616661, 1116661 6161166666611161,16666-
6666611611 666666 66166616616161 16161166 6616116, 66666666 661 61611 66-
666116166. 111161 16616 6666 6666616 66161 661666666 661666 1611166661
6 66166611611611161661666, 6 6666661666, 616 6666611616661 116 66-
66616 616 66666661 6666666666611166. 01661611 616166166, 616 ,6 666616 1616661
16116661166, 6661616166161 obu 1611661616, 616 66666616 16 661161 666666116.
01661666 6166 6 16661 6666666661 666116, 616 161 61666611 66166616166666
1616 6 1611661616 Ρ616111661166661666661666161.

166666666ῐ161661666, 6666 66661666 16116, 6666666666 66 16161 16116666
i 16616.

1666166666 6161666116 1616661 1611666116] 11166166 116166 1166-
166611, 161166 661 16 6666 6 6666611616 16 1666161 666616661 616
6 Ρ6666616, 6661666611 616 6616161 661616111, 616 6166161661 66616
1 6166666666 1111611166 1161611 6661616666611616 1 66616 16 Ρο666616.
Gi gdy 666161661661 0 666616 16116 66661611 616 6 66666666 1166116, 661611-
66116666611616616 66666 6666. 16116 11166166 116166 1166166611
666661611 16 nich: ,616 16 161661 616 6661616 166 16 6666166661, 6161116
,616 6166611 666166616616611 1661666166, 1 66616. Ze 66666161616161 66616
,1611666161 6161166 6666661166 6666166616, 111666166616616616616666116
,66661611 66166 616666 16116. Nie 66161616 66616 6166161616 1616666 66-

J. mugen. 1161666 Polme. 166111 62

 

