208 66666616 66666666. 61419.

,6166166 111666 6616666611 6611] 1 66616, 1616 6166611 6661616, 16 116 (16-
,6616661616 61666 6616 61616111 1 61166611, 6116666166 6616666 6666616
,116 6616, 11166 161 66111616 6161666 66 6616666, 16 61611616 6616166 66
,1661116666 1 661661616 661666 661661 06661616 6661616161666166161, 66611
,6666 6666 66661666, 61 1666616 6666661611. 1661616161 166166 616166
,61616116661616 66 661 Ν66666616166666 brata mogo 1611611666611666,
,616 61166666 66661616 161116 6661666666 6666166616 6666 611616. 111661
,61161661 6666616, 16 6666 6616166 6661616 66166 66611 (lla 1166668616-
,1611166166 166166 61666 6616166666 1 66166166 66666666 6161666. 1116
,66161616 666 Ρ661ό6 66161 616111161666 616616666116 6666616 661616,
,16 6 166· 666616 6166161611 616 podda& 6666616666 16611 Ρ66166 116-

,6661 86161611166161, jak 1666 66661666 strena wymagala3 661 16 666616 r

,6666666661 66666,1661666616611 616 66 66161 1616 6166611616 6166616

,6616 66666666. 11666116 66666166 616 66661616 16 616666 616 6161616·
,661 do 6666616 661616, 616 61661611 6666161616 do 66616616 161161 1
,6666116 ι16116 16 616666 66661666 6 166 6616 66666616. 81616 166166 t

,611616666616 66 66616616 tego, 66 jedna 661666 16661616 666611 61661-
,616616, 16166 161616 666666 6666111 do zgody. 1161661116 6661661166
,6616 66166 1616 6666166 66116· 616166166166 6616] 6666111 161 11666661

,6166 661611, 1116 66116 6666166661, 6661616 666 6666661666 6166 6616 ᾖ
,6666666616161661161616 616166 6 6666661 66161 161166 6616661666. 1

,116166 661 Ρ66166γ 6616 61666616, 616 616 6666661611 66616 61666161, 111-
,6 616666 66661666, 616 616-11 6166666 pokoju i 1616666166 66666 66616-
,616, 6661666 61 666616111616 6661616, 6616666161 my 116 6166666616
,66616 1 pokoju 661661 66616166 6 666 6666661 61666 6616616. To ja 61661-
,166 16 661 16 6666, 6 6161116666161616161661166611 616 661666616611,
,6116 61661611 66616 16161 6616 6166666661. 11161666 6666666 1166661
,861616111661616 661616 1 6611661616, 61616 11.86161ο1116661 61616666]

 

,6166161 ku Ρο6166 6616 66661616, 6666616 61 66166661 6661666616 66616- ‚
,611 1616 1 66166616 61666 6616, 1116 6616, 66666661666666116166 1616- ¹
„tej Κ616161661 1 11166666· 8616161116661, 6166166661616 661 616 61611 6 po· 4
,1616616166 16166166ι Bag Najwykszy 66616 1166666· 8616161116616161666616 3
,6 66661666 616616, 1 1166666616 61616 jej powodzenie, 116 66116 Jego
,16161666116161616 1 mojej 66611616]Ι 66616616. Dan 6 86666, 66 1116161 ⁴

,66 6116616 Ν666166616 N. Maryi. 11616 Ρ61611666 16616666666161661661-
„nego dziewietnastego.“ ³

 

