111419. 1111111111 11111111. ¹ 217 ' ·

’ 11111111,111111111111111 11111111111111111111. Ρ111111111111111111111111,
111 11111111111111111 111111 1111111111, 11111 je 11 11111111111 1111111-
11111 11111111; 111111 1111111111 111 11111111 111111111.

1111111111 1111111111 11 tim, 11111νί11111 w 1111111111 1 11111111
. 1111111111 1111 111111 11111111.

Ζ 81111111111111111111111111111111, 111111111111111, Pil-
111, 111111111, 11111111, 111111111111111111111111, 11111118.Μί-
111111111111111111111111111111111111111111.11111111111
1111111111 (1111111111, 11111111 11111111111 1111111 nim 111 11111111
111111111111111111111111111111111111. 11111111 11111111 11111111
81111111 1111111111111111111111111111111· 1111111111· 11 (1111111. 111111-
1111, 111 1111111111111111 1111111111111 11 11111111, 11111 1111111 11111
11111 811111, 111111111, Β1111, Β1111111,11111111 S. 11111111
111111 w 1111111111111111. 11111111111 1111111 111111111111 11111-
1111 11 1111111, 11111111 1111111111 11111111 11111111111111111111111111
11111111111111Β1111111, 1 1111111111 1111111111 111111 11111 111111. 1111
111 11111111 11 111111111111, 1111111111111111Ζ1111111111 1111111111 w 111-
11111.

1111111111 1111111111 1111111111 111 1111111111 11111.Ι

1111111 111111111111 11111111 11111 1111111111 1 1111111111 11
1111111111 11111111111111111 1111111111111110111111111 11111111 11111 11111
11111111111111111 1 1111 111111 111 11111111, 1111111111 11111111 1111111111
11111 1 111111111111111111111. 1111111111 111· 11111111· 111111 111111111 1111111-
11111111111111111111 11111 Ρ111111111 111 11111111111111111, 1 11111111-
1111111 111111111111111111 1111111111111111111111. 1111111111 11111111
11111111 1111111111, 11 1111111111 111111111111111111 1111111111 11111111,
1 1111111 11111111111111111111111111111, 1111111 111111 (11111111 1111111111
11111, 11111111111111111111· 111111, 1111111 1111111111 ioh 111111111111,111
1111111111 1111 111111 1 1111111111, 1111111 1111111111 1111111111
1Ρ11111 11111111 1111111, 1111111111 1111111111 1111111111, 11111111
1111111111, 11111 111 111111111111111111 11111111, 1 111111 1111111111
1111111111 11111111. Ρ11111111111111 (1111111111, 11111 1111 11111 Κ1111111
1111 (Aula Regia) 11111111Ρ1111 1111111, 1 11111111111111111-
111111111 11 111111 1111111111, 1111111111 1111111111111111111; 11111 111111

J. 1111111.111111111111111. 1¹. n 28

 

