111422. 1111111111 11111111. 217

,11 11111111, 1111 11111111111111111111111, 11111111 111 11111, 111111111111
,1111 1 1111111111, 11111111 elie 1111111111, 11 11111111 111111 1111111-
,11111, 1111111111 1111111 ped 1111111 11111111111111,1111111111111-
,111111 1111111111, 111 1111111 1111111111111 1111111, 11111111111111-
,11111 1111111111. Ρ11111 11111111111111181111111111111111111, 111111
,1111111111 11111111, 1111111111 1 111111 1111111111 111111, 11111111111111
,1111111111 1 1111 11111 1111, 1111111111, 11111111111111111111111111 Ze·
,111111111111 111111111111111 1111111111111111 111111, 1111111111 11
,1111111111111111111111 (111111111111 11111111111111, 111· ¹
,11111111 11111 1 (11111111 w 11111111111111 1111111111 11111111
,1111111 21111111 111111 1111111111, 8111111 1111111111 11111111111
,1111111111 tege 1111111. 81111111 111 11111 1111111111111111 1111111111-
,11, 11111111111111111111111 11111 11111111111111111; 111 1111111111111-
,1111111 1111111111 111111 1111111111 11111111 1 111111111111 111

² ,11111 11111111, 111111 11111111 11111 1 11111111111111111111111111111111-

,111111 11111111 1 111111111111111111, 111111111111111111111111, 11111111 111-

1 ’ ,111111111111111111 1111111111111111111111111111 1111111111,
x ,1111 111 111111 ge 1111 11111111 1111111 8111111 111111111111 1111 1111111,
1 ,1 111111111, 111 zaken 1111111111111111111111111111, 1111111 bede
ἦ ,11111111111111111111, 11111111 1111111111 11 1111 1111111111. 111111
1 ,1111111111Β1111111 0111111111 1111 111 1111111111 111111 111111 111
ἶ ,1111111 1111 rece, 111111 11111111111 111111, 111111 111 1111111111111,

,11111111 eheie} 11111111. 11111111 11111 1111111 1 1 111111 11 jege 1111-
,11111 111 111111 11111 11111111 1111 111111, 111111111111111 11111111
,11 1111111111 1111111111, 11 1111 1111111111 1 1111111111 1111111111-
,1111 111111111111111 1111111111111 1111111111111111111111111111111-
,111, 11 gdy je 1 11111111111 1111111 11111111, elbo 111111 11111111 111111
,11111 1 1111111111 1111 ne 111111111111111 11111111 11111111. 11111111 111,
,1111111111111111111111111111110111111111111111, 11111111
,1 1111111 11111111 111111111 1111111111. 11111 1111111 111111 1111111
,11 tege, 1111 ge 111111, 111111 1111.“
111111111111111111111111111111111111111111111111111111-
1111111111111111 „Nie 1111111 1111111111,1111111 111111 1111111, 11
,1111111111111Κ111111 1 111111 1111111111 1111111111 1 111111-
,1111111 1111111111111 111111, 111 11111111 11111 1111111111111111 11-
,111 11111111 1111111111, 1111111 penu, 111111 bedec 1111 1111111

,1 1111111111111111, 1111111111 1 1111111111, 11 nigdy 11111 1111111111 11-

,1111 1111111111; 11111111 111111111111111, 1111111111111 11111111 11-
,111111 1111111111111111, 111 111111 1111111111 11111111111111111111-
,1,11111111111 11 1111111111. 0111111111 11111 1111111111111111 1111

 

