664 · 1111111111 111 1111111111. 11. 1444.

,11111 1111111111, 1111 lud 1111111111111 11111111 1 Β1111111 (1111)· 111
,11111111Ρ1111111111111111111, 111111111111111111111 11111111 1111111111,
,1111111 pod 1111111111111111111111 1111111111 111 1111111111 za· ·
,1111111111 11111111 1 1111111, 1111111111, 11111111 1 rozkazujemy: 11111111
,1111111111111111111 1111 1111111 1111111111 1 11111111 1111111 Polskiego
„i WQgierskiago 11111 1111111 1111111111· 1 za 1111111111 Β111111111
- ,11111111111111111111, 1111111111 11111111 11111111,·111111111 1111111111·
,31111 1111111111 1111111111111111111111. Ν11111, 111111111111111111
,1111111 11111 pod 1111111111111111 1111111111 1111111111 1111111 1111111 je
,11111111111111111111111111111 1111111111111 111111] 11111, 11111 111111 1111111
,1111111111, a 11111111 1111111, 1111111111111111111111111 1 11111111
,11111111 111 11111111 1 111111111111111111111111111111111111111, wszystkim
,111111111111111 111111111111111 1111111 1 11111111 11111111 1111111111
,11111111111111111111111111111 11111]Ι 1111111111] 1111111111 11111111.
,11111111111111 11111 1111111 1111111 111 11111111, 1111111111 11111111-
,111 111111111111 1 11111111 was 11 1111111111 1 111111 1111111111 1111111.
,Ρ1111111111111111 111111Β111111111111111111111111 1 81111111 jego Ρ111 1111111
,11111111 0111111111, 11 11111111111111 1111111 11111111, 1111111
,1111111111 11111111, 11111 111111* Boskiej 11111111 11111111, 1 1111 1111111
„i calogo 1111111 11111111111111111 11111111111111, 1111111111 111111 §cigna
,11111111 1 111111

Τ11 1111111111 11111 1111111111 1111111111111111111111111, 1 111111
1 1111111111 ,1111111 ’1111111111 11111 (1111111111, 111111111111111111111
1111111. Ρ111111111 1111111111 (11111111 11111111 do tego, 1111111111
1111111) 11111 1111111 111111111111 11111111111111 11111 1111111 1111111111

· 11111111 111, 1111111 w 1111111111 1 1111111111 1111111, 1 1111111111 11,

111111 11111111 1111111 811111 1 Ρ111111, 111 1111111111111 1111111.
11111111 1111111111 11111111111111 11111111 murem, 1111111111 1111111 1111-
111111111 gwy, 111111 111111 111 111111 111111111111 1 11111111111111111111
11111111. 111 11111111 11111111 111111111111111111111 111111 11111-
11111, 11111111 1111111111 1111111111 11111111111111111 1111111, 1111111111
111111 11111111 1111111, 1 11111111 1111 1111111 111111, 1111111 111111111111
11111111 1111111, 111111111111111 111111111111111111, 1111111111. Wielu
11111 Β111111111 111111 1 1111111 11111 11 1111111111 1111111111 1111-
111111111111111111111ς 1111111 1111 111111 111111 1 11111111 11111111, 1 111
1111 111111 8111111· 1 11111111, 1111111 ’11111 11 111 111111 11 srogiej
11 1111111 11111111, 1111111111 1 11 11111111 11111 jem 1111111 111111.

 

