ι00000000 000000 000000000οᾶ 03000 0000000 0000000000οᾶ 00000000 ι0οΖ0
-000 00000 000 0000000 0000000000 000000 0 0000000000 Ζ 00000000 0300000

0300000000 0· ι00000οι 0000000000 Ζ 000000000οω ’0000οΖ 000 000000 0000 00000
00000000 Ζ 6000000000 0000000 00) 000οΖ0 00000000οο0 000000000 0000000000
0000030οΖ 000 0000 00000000 0000000 000 0 0000000 03000000000000 0000
0000οι 000 0000οΖ 0 000000 030000οΖ Ζ 000000 0000000 000000 0 ι000000οῑ 00
03 00000 00000 0000 00000 0000000000 0000000 000 ’0000000000 00000000 03 ,
00000000 ι0000000οι 000 000000000 00000000 0000000000 0 00000 (00000 0 00000
-000 0000000000 00000000 M 0000 0000000 Ζ 03000000 0 (0000000000 0000
0000οΖ 00 00000 Ζ 03 000000 (00000000 03000 000 0 0000000030 0 ι000000
-000 0000 0οΖ000000 00000000 000 0 0000000 0000 00000 0000 0 00 ί0000000000
000000 ι0000000000 000000 (00000000 Ζ 00003000 ι000000000 0300 000000

k 00000000 00000 0000000000 (0000 00000000 M 0000 000 00000000 0000 000

-00 000 00 00000000οο0 0000 0300000 0 (00300000 0000000000 00000000Ζο 0000
-0000 00000 ι0300000000000000000 000000 030000 0000 0 00000 00 000000 00003
’00000000 000 000000 50000 0000 0000 00000000 00 00 0000000 00000000 00000
00 0000000000 0 0000000000 0000000000 00000 00 (00000000 00300000 00000000,
000οΖ 00 000000000 (0000οΖ 000000 0000 0 00000 00000000 0000 (00000)
00000 000 0 00000 ι00000 0300000000οΝ 000000 00000000 0000000 (000000 0000
-00 00000οΖ (0000000 Ζ ί0000000 0 (00000000) 0000000000 0000000
0000000οΖ00 0000000000 (00000000 00000 Ζ 000000 03000000 00000 v 0000
00000000 000 000 0 000000 000 00 00000000 ι00000000 0300 00000 ι0000000 000
00000000 00 000000 0000 00 ι0000000000 0000000000 000000 0000000 0000000
003 00000000 ,,·0000.0 00 00000000 000 0000000000 000000 03 000“ 0000000
00000000 000000 0000000 00000 Ζ 03 0000000 0000000000000000 0000 00 00000000
00000 03000 000 000 ’00000000 00 03000000οι0 00000 0000 0000000 (00οΖ0
000000 (0000000 Ζ 00000 00000 000000οΖ 0 0000000000 03 0000000 000000
’ [0000000000 0000000 00000 000000οΖ000ου 00000 0000003000 00 000 000000 000000
0010300000 00000 00000000 0 00000000 00 0000 0000 000000 000003 00000 “
0000000000 000 03 0000 ι00000 0000 0 000000 00000000 000 0000000οι έο000
-000 000000 0000000000 00000 ι0000000000 000 000000οι 0000 0 0000 00 00000 000
000 (000000000οο 000 00000000 00000 0000000 00000 ι0000000000 0000 0 0300000
’ 0000 000000οΖ 00 0000000000 0000000000 0000 00000 ,,·000000000 000 0000000
00000000 000 0000000 00000 00000000 0000000 0 000000 0000030 00000 0“
003000 00 00 00000 000 00000 00 00003000 000000 (00000000 0000000 000
00000 (00300000 000 000000 000 000οι 000 0000000 0000000 000 0000000000
0300000 (00000 00 000 0000003 000000 0000 ι0000000 00 0 ’000000000000000 Ζ“
00000 0000 ’0000οΖ 0000000000 00000000 000 000000οΖ0 0000000οΟ 00003000
00000 00 0000000000 00οΖ0 000000000 00000 000000000000000 00000000 000000 0
000000000000000 0 000 00000000 0000000000 000000 000000 000 00 έο0000000

99 ‘ommvr mvsslsmvm ‘01111 '8

 

