1. 1410. 1111111111 11111111. 67

1111111111 ioh 11111 111111111 1 1111111111111111, 1111111111111 11·

111111 111111111111, 111 111 11111111111111 111111111111 11111111110111-
1111, 111111111111111111 11111111 1 1111111111 Η1111111111 (floen-
1111) 1 111 1111111111111111. Β11111111 111 11111 11111 1111111111
1111111 1111111111, 11111 111111111111111111 1111111111 J 11111 11111-
111111111 herbu 1111111. 111111111111, 111111111 1111111111111111-
111, 11111111 1111111111 1111111111111111111 11111111, 11111111 111
1111111 1111111 po 1111111111 111111 1 11111 111111 11111111111111-
111111111111 11111111 1111111 11111 11111 111111111111,111111111111111
111 111111111111, 11111111] 11111111 1 111111 1111111111 1 11111111111111.
Tago& 1111 1111111 11 11111 1111111111 1111 1111111111111111111,
1 111111 ,111 1111, 1111111111111111111111 1 1111111111 111111· 111111,
,111 11111111 palie i 1111111111111111 1111111111.“ Κ111 1 1111111111 po- .
11111111 11111; ,11111111111111111 1111111111111 1111111, gdy i 111
,11111 11111 111111111111 1111111111· 11111; 11111111111111111111,
,11111 111111 11111111 11111111111111 1 1111111 11111 11111 1111111
„wladzy.“

1111111 111111 §vineti 11111 1111111111 11111 111111.

Η11111 111111 1111111, 1111111111111 111, 11111111111111111
111111 1. J ungingen i 111111111 111111 1111 111111 1111111 1111111,
111111111111111 111111111111111111111, 111111111111· 1 1111111111· 1111,
1111111111111111111111 Κ11111111 11111111, 111111111111111111 11111
111111 1111111111 111111111, 111 1111111 11111111111, 111111111-
11111, 1 1111, 111111 111 111111111111111111111111, 1111111111 1 11111-
111111 1111111, 11111111111111111 111111 1 1111111 1111111111111 111111-
111111, 111111 1111111 w 11111 111111111111111 111111 1111 1111111
1111 11111111. (11111111 11111111 Η1111111111111 1111111111 111·-
11111 111 111111 11 111111 111111111111 111 1111111,11111111111
11111, 1111111111, 1111111111, Ρ1111111 1111111111111111111111111
11111111 1 1 11111111111111111111, 111 11111111 111111 1111111111111111
1111111111111, 11111111 1111111111 111111111111 11111 11111111
11111 1111111111] 111111111 11111. Ρ111111111111111 11111111111111-
1111111 1111111111111111 11111, 111111 111 11111111 Κ1111111111-
111111 1111111.

 

