432 1111111111 11111111. 1. 1431.

111 11111 11111111111 1111111111111 11111111, 11111111 1111111111111
Zbigniewa 1111111111111111111 1 11111111111 11111111111111111111
1111111111. 111111 111 1111111111, 111111111111 1111111 Ζ 1111 1111111
1111111111111111 1111111111 11111 1111111 111111111111111111111111111
1111111, 11111111, 111111111111111111111111111 1 Κ111111111111,
1111111111 111111111111111111111111111, 111111111 111111111 Ρ111111 1 111-
11111111111111111 1111111111 111111 11111111111. 1111111111 111 11111 111-
111111 111, 11111 11111111 111111 11111111 Krakowskiego 1111111,
11111 111111 111 1111111111

,,01 111111111111, 11 1111111 11111111 Κ11111111,
thrego 1111111111 11111 1111111111 111111111111 1111;
11111111 111111111111111111 Ρ11111111111 11111111 11111
111111 Panno 11111111, gdym 111 11111111 1111111111
1111111111 1111111, 1111111111 1111111111 1111111111,

Ζ 11111111] 1111111111111; 111111 11111111 111 1111111111.
’11111 11111111 Μ111 moja gdy 1 1111 111111111111,
8111111 11111111111111111111111111, 1111111 111 11111111.
1111111111 1111111 1111111 11111. Ρ1111 11111111 1111 1111.
(1111 1111111 11111 1 111111 1111111111 11111 1111111

011111, 111111111 111111, 1111111 11111 11111111,

W 11111111 1111 1111111111 111111 1111111,

' Z 111111111111111111111111, 111111 1111111
011111 111111 1 11 1111 111111 1111 11111111.
811111 11111111 1111, 111111 111111 1 11111111;
Ludi 1111111111 11111, 111111111 1 111111
1111111111 1111111111 11111 1111111 1111111111.

Α 111111111111111111, 1111 11 1111111 11111111;
Ν11111111111111 111 1 111111 111111 glazy3

Ze 111111 11111111 111 111111, 1111111

01 1111111111, 11111111 1 111111 111111111

W'zorze 1111111111 1 111111111 111111ςά1111

01 lilio 11111111111 11111111, 11111 1111111111,

Η11111111, 11111 11111 1111111111 1111111111111111111
(111111 11111 11111 1111111111 gdzie nadobnego lica
Powaby? i 1 1111111 11111 1111111111 1111111

1111111111, 11111 1111111111, 1111111111 111 'od 1111111111111
0111111111, nie 111111 1111111111 11111 11111111.

111 1111111111 111111 1111 111111 1111111 1111111;

Α 111111111111111, 11 1111111 1 1111 1111111111 1111111,
111111 1111111111, 11111 1111111 1111111,

811111, 1111111 rodem. Mienilifimy 11111111111111,

Ze 111111 1111111 1111111. 1111111111 11111111 111111.
11111111 1111111111, 111111 111 1111111111 11111,

Ani 1111 111111 111111111111, 1111111111

 

