01431. 0000000000 00οι0000. 411

101000 ι 010110 01001000 00001000 001000οι1 10 00010 10010, 1 0000001000
00 000010 v 0010 01101010 010 ι 1011001010 0 00110.

11100101010101, 0101011. Η1001110, 0 101010, 0010 000110 101100- “

0110 00000000 010 10 1001, 0000010 10100010001010001οε 11110 01000-
00101010110 0101010, 001οι0000 100100 0000 10 01010010000001 00011000
001000, 01010 00000110 00 1011 001000110000000010111010 0010101000-
00101000. 110 11010 00000110 000010 01010010 10 0010000, 01010000 01010
1010000 0011000 1 0000000100, 1000 00000 0001000 0110. 1111010 001000010 00
000100, 01010 010100010 010 00100001 00010 0100000011010 1010 1οι0000, ·
10110100100 00010000, 00101000 1 0100010001000101000010. 1101010100
0 1000000 010 000011 001 mummi 00110010, 001 00010110 00100100011000-
000, 0100101010 0000100Ι 0000010 1010000 10011000, 0100010000010110,
1110010 w 0100000 1000001 0010100101 01000001 10101000, 1 00100001 000-
01 1000101 000001001110, 01010110 001100 0011 0010001 0110 000000001 0010;
0100100000101, j 1 0000110 0001000000 1 00 00000 000110, 000000100110 00-
1010000100 0000010 1010101011101, 0101, 101000010110110 010101 10010-
010 1 0001011, 00001010 000101 100110 1010110, 0 1110001 00101 010011,
100100 01000111 ιο00; 000010 010οι10 1 00100000 0010011 0001010 0 0000010.
’100 01001000001010110111010010 00010, 001 00100000, 0100· 00000000
000010, 10 101000 101010οἰ0 Βο10 00 0010 00000 1 100100000010001111100-
01000011, 00000010101010100100000 Βο00 0010100000 1001111 00 0010· 010101
01000010 10010010 10110 1 01001 11010 0010001011, 010100001000111010100- ·
100101 01001011 00110 00001 0010100 010001000100 10001 000000 1010 00
000101010 010100, 10010, 010001010011, 000101 01010110 000110, 0000000
0100001101000 000000, 0 0000101110οο 01010 00011110 01 101010010 Swi·
100010110 010 01000001, 01001000001 010 00001 001101 1011001. 11111010
001011, 1010000101οο 1010 0101000 0101000 010 1ι11, 1110000 110100 1010 ·
010 001001, 00000111 00 00010000οἰ0 broni. 11001001, 010 0000001001001001000
0010 0110101000, 0 00000010 00010 101001, 0010οι001, 10010οἱ00 1 00010

0000000010οο, 000000111011001, ,10 010100010001000110100· 0000000 001-
¹ „no 1111001 00001100 00 010 001010, 0100000010 01000110.“ 10001011
10001 10101000· 00010010 11100000 0 00011001101010010 1011000011οι
,01101000 00010000010 broni, 010 0110 01000 00010 000101 0010000010
,00010 00100 01010010 001000.“ 11111 0100010110000 010 10 1011010010, 0000-
110101 100000 01 10 110110 00101001011010100010010 N. 110ιο1 10000.
11011 00001110 0 00110 001100110101000000. 101010 100100 101110010110
00 00100010οἱ0 0101100 1011000110] 00100 00010010] 01000000001010010

00 00001001000100000 0000010010, 010 101 010 101000 0100000 00100 0000·
J.m=⁸mn=10121›01m0.x·.n. 00

 

