01411). 0000006000 00000000. 19

001 001100 jege 0001000 1 0000000106010 06100011 0016 0016010106 016 0010
1100100 0001010600 001610 0 00601010, 11100110, 810001όο 1 Ν160-
010. 1101 00100 0000100001 00100 00010, jek 0161600160000 ι1661006000
w ezasie 0101016010 0000010110001010161 00101011 10 01061 1 000110, 01100
0 nieh 0061001011.

Alexander, 016111101οὶ0 11100611, 001 006000 00001000· v 00000110 1016·
genti, 0110100016 01 0101016010160601006116000010. 10101010100001000000-
01010116 10 600101 10010.

11011101 610 10160 00600610 1010106010 Meryi Penny, 0000010]οο0
0 Ρο0161010161, 0 016111 161010 11160611 Alexander 000011000101106 ·
000010 1 000000, 1101110110 010100000010600 0101016016 00010 1100160-
burge 0 00161160 600110 1116061110 00011 10 11100. 1106116101
100 celem, 16 001610 J'ege 0001000010 610 00 1016000110 01 01001 0010000600
10110, 10 1110600 01610010 przyzwyezejene; i Jeeliby 001010 016 0010110 10
10610, 010060· 1660006 0060600010100 610 0 0100016 6100100. 00 eheeby i 000010
hylo, deleby 610 600100 1010 01000100 0160001, gdyby 10110 00 101061 010001
016 01000610. 11010111010161001011 Ρο1611 06110001 1610100ἰο Ale·
000100000011601 0061016010οἰ 1 0101610100οἱ 01 00001016000101611100-
01010, 0 keneu J'ednek‚ 011000 00061000 zmieniony dle 61610161 nieszezery, ’
00000111 00 06 0600611100 10100 60010 001611 10 11100. 10101 00600000
161010 0100000600 0110110 0600016016, 006001 000161160 600110 06 00000-
161 po 01100161100106010 N. Meryi Penny‚ iod 0101016010 00010 1100160-
burge 01610011. Βο106 610 06061010, 0100 ge Inflantezyey lub 100111000-
1660 1 161000010101 6000016006ήο 0100000111, nie 010101 111 1060 0061000
1101606116οο 00161οε 000010 1001 1110106100 0000101 00 6061101000001
00606100 1016111600, 1110 go odprewedeily 01 10 grenio Litwy‚ 0 po·
tem 10 010000 0101010100600 0010110 bez ezkedy. Niezedluge 00110 0161000111
060010101601161010101000016000,11600011,1000601116οο-
011 10101600. 11011 01011 000006101έο 00061160 10116610060600, 1110 01060
0161001600101100 1 161010110000160110100000016610 0001616000, pe·

016001 dalej 0101016016. 01101100160110001000, 1010100610010100010 11100160-
burekiege 00010, 00000600 1010 10161 00610011, gdyby 0101016016 110161
00100010, 0000011 161010010116000100101011 0101610100 0000106010 00 016-
001 1001010101, 016106 00011610011016001 Alexandra i 10 0160006010
00101000, 0116011000 010 Alexander 01016011· 610 00610101101011011110-
1061000, 01610011010101016010, 00000011 101600 00100 1 001011 10 60600

 

