’99999999 9 [999999999999 9999 9999999999 999 99999399 99 9999999991 9999999
ΜΖ 9999999990 9999999991 999993 9999999 9 99999999 999999999 9399999999
99999 9999 99999 9999999 9 [9999999999 99999999 9 99 99999 99999999
9999999 99999999 999999 9999999999 9 999 999999 ί9999999 999 9999999
99999999 9 999999 999 99 9999999 es 99999 ι93999999 9999999 999 9999999
-999 9999999999999 9999999 999 99999991 99999991 99999999 93 9999999999 ‘ms
9939999 999 99999999 9 9999999999 999 9999999999 9399999999999 99 9 ι99
9999399 99999999 op 999999 99999999 999999 999999999991999999 (9999999999
¹ -stds 9999999) 9 9999 99999 (9999999999999 9999 999999 9999999999 999999
-99 9 9999999991 9999 9999999999 9 9999999999 9999999 99999999 999999 9
99999399 99999999 99999 (99999999 9999999999 9 99999 99999999 93999999
999999 9999999999 99 9999999999 99 999999 9 9999 9999999999 99999999 (9999939 9
ΙΓ999999ᾶ999999 9999 999999 Ι99999999 999 9999999999 9999999 ’9999999 9999
999 999999 999999 9999 9999919 999999999199999 93999 ι9999 999999 99999999
-99 999 9 9999999999 999 9999999999 999 ι999999 op 99999991 999999) 999999
’999 9999999999 ses zond 999 9999999999 99999999 9 99999 99999999 99 99999
99999999 99999919999999 99999 93999 [999 9999999999999 99999999 od 99999
4999999999999 99999939 999991 9999999999999 9999 9999999 999999 9 9 ί999
99999999 99999999999999 9 999 799999399 9 9999999999 999999 ι999999999999
99999999 9999999 9999999991 99 99999 (999999999999 9999999999 9999999999

9999999399 9999999 9999999999 9 9999999999 9999999999999999919999
99999 ί93999999 99999999 9 9999 9999999999) 9999 9999999 9999999
-999 99999999 999999 9 99999999 ,99959 M 99 9999999999 99 99999 9999999
99999 (9999999999 999999 9999 [9999999999 999999999ιά9 999 99999 9999919
99999999 99999 9999 (99999 M op 999 999999 9999999919 9999999999 9999999
ap vmsffipvffl 9 9399999999999 9999999 9999 999999 9999999 99
’9999999999 9999 99999999 ’999999 999999 [9999999999 9999999999 9999

U 9 9999 aa
99993999 999999 99 999 0112202‡'350p{23!1sm0211 999999 999999 mmm

’999999 9991999999 9999999 99999 ι99999999 9999

5 9999399999 999999 999 99 (9999991 99991 9999999999 9999999 op 999 99999999 9

999999 [9999999999 [999 po 9999199999 999999 ι9999999999 M 99999 9999

1 99991 ses uffiwffl 1 ι99999999 [999999 9 99 9999 999 999999 999 9

99999999 [9999999 99999999 99993 99 ι9999999999 999999 99999991 Ιΐ999999)
99999999999999 999 9999999 999 9999993 [9 999999 9999999 993 ί99999) op
9 99999999 9999999999 999999 99999 ξ99999999999999 99999999 [9999999 99999

ζ -999 po 99999 999 [9999999999 999999 (9999999991 99999 9399999999 999999

ἓ . 99999 ’9 ’9999999999 111 9999999999 1⁷29

 

