1. 1440. 1111111111 111 1111111111.

Gonu 1111111 111111 1111111111 anduennio 111111.

11Ρ11111,11111111111111111111111,1111111111111111- ·
111111111 1Β111111111 1111111 1811111 do 11111, 11111 go 111111
11111111 1111111111 1111111111 1111111111, 1111111111111 1 1111, 1111111111
1 Β11111 11111 1111 11111 111111, 1111111111 111 111111 1111111111 11111
1111111111 1111111111111 11111111 11111 111 111111111111111111111111
11111111 111111111 111111 11 11111 (11111. Ρο1111111 1111111111 ’1111111
11111111111111111111111-111111,11111111111111111111111111-
1111, 11111 11111111111 portem i 11111111 1111111111, 11111111 11111111-
11 1 11111 1111 1111111111111111 1 1111111111, 111111111111 111, 11 go 1111
1111111 111 111111 81111111 111111, 1111111111111 albo 1111111 1111111111
111111 1111 1111111111 111111 11 111111 1111111 Polskiego 111111
11111111111 1 1111111111 (1111111111), 11111111111111, ,11
,1111111111111111 1111111111, 1 11111111111111, 111 11111111 11 1111111111
,111111 11111111111111111111111 1111111 111 1111111111, 1111111-
,111111 111111111111111111 11111, 1111111 111111 111111.1 ’1111111111-
1111 krol 1111111111 111 1111111 111111 11 11111111111111111, 11111
go 1111111111, 111111 1111111111 11111, 11111111 1111111, 11111111 111-
11111 1111 111111 1 1 11111 1111111111111111111111, 1111111111111111-
1111111 11111111111, 111111 1111111111 1111111111111, 11111 11111111-
go i roztropneg0‚ 11111 111111111111111111 11111111, 11111111111111111111
11111, 1 111111 111 11111 1111 1111111. 11111111111111111111111111 111-
11111111111111 11111111111111111111, 1111111111 11111111111111 1111111111
111111 1111111111, 1 1111111111 11 1111111 1111111111, 1111111111
mu 11111 1111111111, 1111 111111 11111111111111 11111111111111. (11111111-
11111111 11111 do dni 11111111111111111, 1111111 1111111111111 11111111111
1 1111181111111111, 11 11111111111111111111111, 1111111111 po·
1111111111111111111111 1111111, 11111, 111111, 11111111111111111111111
11 11111111 111111, 1 1111111111, 1111 pora 11111 11 tego najsposobniej·
111, 1111111· 1111111111 1111 111 11111. 111111111111111111 1111111111-
111, 1111111111 1111111 111111 1111111 111111111111111111, 1111 111 111111
1111111111 1111111 1111111 1 11111111, 11111 mu za}0ga 11111111 111111
11111111 1111111111 1111111 1111111111, 11111 11111111 111111 1111111111
pod 11111111, 11111111 111111111111, 111111111111 1111111111 1111111 11111-
1111111111 1 1111. 111111111111111, 11 1111111111 jego 1111111111, 11111 po
Bulgarsku 11111111 1111111 11111 11 111111111111111111111111, 111-
111111111111111 1111111 1111111 11111111, 1111111111 11111 11111111
11111111 1111111111 11111111111111111111. 81111111 111 11111111, 1111

 

