9399 99 05 99999999 999 99999 99 qus 999 {massarum 99999 93 99999 999“
99899 ι999999 9999999999 od 99193999 99991 9999 999 99399 99* 9999999999
9999999 999999 99 999 »999999 99199 0501 [999999 999999 9 nmo&
9999 99999999 M 99 (99999999 9999999 9999999999 ’9999 9999993 99999999
namq 9 99999 ‘eumdem 999999 99999 999999 99999 ι999999 9999999999 999999
999 999 έ999999 999999 0 999 ‘osqop 9999999999 9 9999999 {Rq 9999 [99999 eff
999999 g Safon oumesm 99 9799999999 99999999 qo! 1999999999 999999 9“
ί9999999999 9 99999 9 99999 9999999999 9 9999999939 999 99999 9 999 999999“
ι999999 99999 9999999999 99 9999999999 9 [999999 99999999999993999“
9999999 ι9999939 99999 [99999999 9 999 [9999999999 99 999999 9999999 Γ*
9999999 99999 999999 9999999 9999 9999999991 9 93999993 9999999999κ
999 999 999999 9 mmmmm-[feu 9 99999999 999 999999 ’9999999919 g Auaeqm
99999 9999999999 99999999 999999 {sq 9999999991 99999 [999999 999 999999
99999991 99999 sozom mu 9999999999999 99999991 999999 99 ι999999 !“
9999999991 999 9399999999 99999999 9999 99999 9 [9999999999 Suom?
‘egunzmmoqoz 9 93999999 99999 99 99991991 999( ε99999999999 9 999999 99999
9999999999 99999919 ι9999999999 99999999 mu 9999999999 ι99999 M 999999
99 9999999999 9999 99 pod 9999 (999999 99 9999999999 999999 99999 99
999999999199 99999999 9 99999 9999999 9 (9399999999999 99999999 9 93
-99999999999999 99999999 9999999999 9 nmmum 9 ι9999999999
-9999 99199999 9999939999 99999 99 9999999 69999999 939 99 999999 M

' 99999999 9999999999 99 9999999 9999999999939999 qus 9999 999 999999 03⁰1

999 9999999 99993 (99999999 99999999 od ’99999999 999991 9 9999999999 9
999991 999 999 999999 99 99999 ι99999999 999999 939999 99 9999991
9999999999999999 9 {wod 9999 9999999999 1999999999 999999

’999999 9 999991 9199999991 999· 9399999999
91999 99999ιῖ99 99 999 ’99999999 mamm 99999999 99999199 mm

„me 9399999999 9999999999 999*
-999 99999999 4999999999999 93999999919999 (9999999919 ss n 99999999 w
u'eq 999999 mu 9999999999 9999999 9 ι999999 [9999999 999 93999 99 9999996
999199 ί99999 99999999 9 99999 999θῖ 99 99999999 ί9999999999 99999“
-9999 9999999999 (9999 9999999999 ‘nafis 9399999999 9 999999 999 memo&
99999 999 99999199 9999999999 99999 99999999 9 9999 999999 num :fluv‘
-Γ9999 9999 9 go 999 ι9399999999919 99999 9999999999 9999999999 9399999 ·9“
ι939999999999999 999999 ι9999999999 999999 9999999999 99999999 ew
9919199 9 99999999 99999 999999 9999999999 999999 99999 9999999999 9“
99999 (99999999 9999999 g 9999 99999999 g 9999 ι999999 ‚foa 99 999999 !“

198. ¹ ’99999999 9999999999 Ὂὸῃ Ἤ

 

