1. 1422. 1111111111 11111111. 261

re 111111 11111111 1111111111111, 1111111 1 1111111111 1111111111111111111-
11111, 1111111 1111111111 1111, 1111111111 1 1111111111 11111111 (11111-

1111111111 po 1111111111 11111 1111111111111111111 11 1111111.111111 “

11111111111111; 1 1111 11111111 11111111 1111111111 11111111, do swego
111111111111111111111111, 11111111111111 11111111, 1 111 111111, Li·
111,011111111,Β11111,111111111,1111111,111111111111111111-
na (1111111111) 11111111111.

11111111, 1111111111111111111, 111111111111 1111111111, 1111111111 111 11
1111111 11111 1111111111.

1111111111 111111111 11111111 drogo 11111111111111, 1 111-
11111 1111111111 111111Ζι111111111111111Ρ111111111, 1 1111111111 tygodniu
11111111111111111111. Τ1 J 11 1111111 11111111 1 11111111111111111
1111111Β11111111111111 111111111111 111111111111111111111, 11111111-
111111111111, 11111111111111111111111Β11111111111111, 1111111-
nego 1111111111 11111111, 1111111111 11111111. 1111111111 1111111111
1111111 111111111111, 1 11111111 1111111111 11111111111111111111111111111·
111, S. Τ11111111111111111, 1111111111111111Ρ1111111 0111111111111,

3 111 111111 1111111111· 1111111111. 1111111111 111111 111111 go 111111, 1 ’1111
stole 1111 111111 111111, 111 1111111111 1111111 111111 1111111 tego, 1111-

11 11111111 11111111 111 1111111 1 panem.

1111111 11111111, 1111111 1 111111111111111111 11111111 1111111111 1111111111
1111111111, 1111111111 1 111111 11111 11111111, do 11111111 1111111 11111111
111111111111111· 1 1111111111· voni.

11111111111111111111111111Ρ111111111111111Β1111111;

' 111111111111111111111111111111111 1111111 1111111111, 11111111

1111111111, 11111111 Alexandra 1111111111 1111111111 1111111111 111111·
1111111, 111111111111111 11111111111 111111 Polskiego, 11111111
111 do (11111 1 11111111 1 1111111111 1111111111 11 1111111 1111111111 (111-
1111111 1 11111111 Alexandra 11111111 1 1111111111 11111 1111111111.
Β11111 11111 11111111 11111111111111111111111111111111-

1 niem 111111 1 1111111 0111111 1111111111. ’111111111111111111111111
111111111111111111, 1111 1111111 1111111 1111111111, 11111111 111111-
111 111111 1111111, 11111111 111111111111 1111111111, 1 11111111111111111-
1111111111111111111111111 11111Ρ111111111111111111111-

 

