1. 1410. 1111111111 11111111. 11

11 1111111111 1111111. 11111 111 111111 1111 111111 111111, 11111
11111111111111 1111111 111 111111 1111111111, 1 1111111111 11111111
111111 11111111 1111 1111111111 1 1111111111.

11111 1111111111 1111111 111111, 1111111111111111111111111 1 111 111 1111111. ·
1111 1111111111 11111111 1111111111111111111 1111111111 1111111111111111,
1111 11111 11 111111111111111 1111111111.

11811111, 1111111111 1111111111 S. 111111 11111111, 1111111111111111
11111111 11111, 111111 1111111111 11111111111 11111 11111111, 111111111-
1111111111111· 1 11111111 01111111111, 11111111111111111111111, 111111-
111111, tego} 111111111111111111111111 11111, 111111111111 1111111111 - -
1ο 111111 Marienburga 1111111 111 111111111, 1 Κ1111111 1 111111 11-
111111 1111111111 1111111111. 1111111111111111 111111 Ρ111111 1111111-
11111111111111111, 11111111 11111111Κ1111111 111111 111 11 11111, 11 111111
111111111111 1111111. 1111111111111111111111111111101111111,
1111111111111101111111 11111 111111, 1111111, 1111111 inni,
111111 1111111111111. 11111111 1 11111 11111111111111 1111 1111-
1111 11111111 1 Βο1111111111; 1111111111 111111 1111111111111-
111 1111111111 111111, 1 1111111 11111111 11111111 11111111 1111 11-
1111111 11 11111 1111111111 1111111. Α 11111 1111 1111 1111111 111111111
111111 11111111111111 nimi 1111111111, 1111111 11111111 1111111111

1111· 111111 11111111111. Ρ11 11 1111 111111 11111111 11111 1111111111- ,

111 1111111 11111111 111 1111111 11111, 111111 111111 1111111111 mogli.
11111 1111111 1111111 1111111111 1111111111111 1111111111 11111 1111-
111 1111111111111 111111111111111, 111111111111Ι 11111111 11111111, 11111
11111111 11111111. W 111 111111 1111 11111111111111 111111111111 11-
11111111 1111111111 1 11111111 1111111111111111 11111; 111 1111111111
11111111, 1 1111111111111111, 111111 111 11111111111Κ11111111. 11111
1111111111111, 1111111111111 111111 111111 1111 1111111 111111 11 1111-
11 1111111111, 1111111111 111, 111 11111 111111 1111111 11111111111;
1111111111 11111111111 1111111111 1111111111, 1111111111 111111 111111111
11111 1111111111 1111111111111111111111, 1 11111111 1111111111 11-
11111111111111111. 0111111111 11111111, 111111111111 1111111111 111111
1111111111111111111, 1111111111111 11111111111111111111 11111111 1111111111
1111111 11111111 1111111111. 1111 1 1111111111 1111Ρ11111, 11111111
1111 11111111 1111111111111 do 1111111111111111111 1111111111, 111 1111-
1111111111 111 1 1111111111 11 11111. Β111 1111 111111 1111111111111

111111 11111111 1111111111, 1111 1111111 mummi, 1111 na 1111111 ¹

 

