111422. 1111111111 11111111. 265

,1 1111111111 1111111 w 11111111111111 11111111111111, 1111111 11111-
,11111 1111 1111 1 1111111111· 11111111 1 Κ11111111, 1 111111111111111
,1 11111111 1111111111111111. 0111111111111111, 1111 11 1111111111111
,1111 1 1111111, 11111 111111 11111111, albo 11111111111111111, 1 1111111
,111111 111111 11111111 111111, 111111 111 do 1111111, 11111 11 tego 1111
,11111 111111, 1111111111 1 1111111 1111111111111111111111111111; 11111
,1 1111 1111111111 11111111 11111 111111, 1 11111111 1111111111 11111111
,1 11111111 111111111111111 1 1111111. 1111111111 111111111111111111
,11111111 111, 111 11111111 11111 1 111111 1 1111111111 111 1 11111111-
,111 111111111 1111111 1111111111, 11111 111111111 111111 111111111,
,1111 1111, 11111111111 1111111 1111111 1111111111 111111111, 111111 11111
,111111 1111111111 1111111111 111 111111 formio 1111111111, 1 1111111111
,11111111 11111111 1111111, 11111 111 111111111111 1111111 1 11111111.
,01111111 potem· 11111111 111111, 111111111111 111111 1111 11111111
,1111 111 1111 11111 111111111. W 111 111111) 1111111111111111111
,11111111111111111111111 1111111111, 1111111 1111111111 11111 11111111,
,11111111111111111111. W 111111 1111, 11111 11111111 1111111111 111-
,11111111111 1 1111111 1111111111111111 1111 111111, 1111111111 111
,11111 11111, 111111 11111111 111111111111111111111 11111111 11111,
,1111 11111, 1111 11111111 11111 1111111111111. (1111111 11111, 11111111 ·
„i 1111111111, 1111 11111111,11111111 1111111111 111111 1111111111,
,111111111111111111111 111111111111, 11111111, 1111111 111111111 11
,111111 1111111111, 1111 111 1111111 11111 1111111111 11111111, 11111111
,1 1111111111111111111111111111111111, 1111111111 1111 111111 111111 1111-
,111111111 8111111, 11111 1111111 111111111111. 11111111 1111111, 111111111
,1111111111 11111 111111111 1111111111, 111 1111111, 111111 111111-
,11111 81111111 111 do 111111 1111111111, 1111111 111 1111111111, 11111,
,1111111111 111111111111111 111111111 1111111111111 111111111111, 11-
„rami 1111111111 1111111 1ο 11111111 111111. 111111111111 11111111 11111·
,11111111 11111111 111111111111111 111111111111 1111111111, 1111111 1111-
,1111111111111 1111111111 111111 1111111 1111111 Β111111111 VIII
,1111111 Ρ1111111111 1111111, 1111111111111, 111 1111 111 111 1111111111
,111111111111111111 1111 1111111 111111 11111111, 11111111111111
,11111 11111, 1 1 11111111111111111111111. Albo, 1111111111 1111111111
,111 1111111111 1111111 8111111 1111111111 11111111, 11 1111111111, 11-
,1111111, 1111111111 11111111 111 1111, 1111 1111111111111111111111,
,1111111111 11111111 1 1111111111 11 11111 111111111111111 11111111
,1111111 11111111, 1111 11111111 11111111111 1111 1111111 1111111111,
,111111 1111111111 111111 11. Dan 1 11111111 1 81111111 Ρ11111, 1111
111111111111111111111 111. 111. = 11

 

