ΠΧ '¹11 ‘⁸m10d θῐοιια msam -5

0000000000 0 0000000000 0000000000 000 (00000
030000000 000 00000 00000000 0000000000 0300000 0 (0000000000000 0 00000
0000000000 0000000000 00000 (00000000 000000 0000 000 0000 (00000 03000
00000000 0000000 0300700000 ι0000000003 0300000 0 00 000 ι000000000000 000
-000 00 0000000000 00000000 00 0000000000 0 0000000 0 000 000000000 0000000
00000 ι0000000 000000 000000 0 00000000 0 0000000οο00 0000000 000 00000
0000 0 00000000 0 00000000 0000000000 0000000 0000000000 0000000 0000 00000000
0000000000 0 00000ος 000000 0000000001 00000 0 00000003 00000 000000 0000000
000 000000 (0000000 0000 0000000 0 ι00000000 0000 0 000000 000 ι000003000000000
0003 0000000 000 000 000000 0000 00000000 000 0000003 00 000000οο0 00000
0000 00000 0 00000000 00 000 0000 0000000000 (0000000000οᾱ 00 000000 003
ί0000000 3000 00 0000000 00003 00000000 0000000 00000 030000 000 00
000000 0 0000000000 ι0000300000 000000000000 0 0000030000 ’0000000 0000000000
ι0000000000 0 000000000οο0 0000000000 (0000300 ’000000 od 0000 000 00000 03 0000000
-00000 0 ’0000 0 0000000 0 0000 0 03 0000300000 ι00000οΙ 0300 00 0000000
-0000 0000000 000 00000000 0000010 00000000 00 0000000000οα 00000 0 00000
-0003 03 00000000 (000000 000 0000000 0300 003 0 ξο00000 0 000000 0000000 0
00000 000 ι0000000 03 00000 ’000000 0000000 00000000000000 0 0000000000
000000 000000 000000 00000000 00000000 0300 00000 000 000 000000 0000 0
00000000 0000000000 00000000 000 0000000 03000 00000000 300000 ι00000
00000000 000000 000 00000 ι,0000000000000 000000 000000 00000000οο0 0000 0
ι000000 0 (0000000000 000000 00000 0000000 000 0000000 00 03 000000000
00000 00000000 0000000000 0 ι0000000000 0000 00000000 ί03000 00 000 000000000
000000000οᾰ 0300 00 000000 00000 0 (000000000οᾰ 0000 0 000 0000000 00 0
000 60000000000 0 00000000 0000000000 00 (00000000 0 00000000 00000000 000)
0000000000 000 f 0300000000 0000000000 00000 0000000000οω 0000000000
-000 0 0300000000οΝ 00000000 000000000 000 00000000 0300 0000000 000000
00 00 0000000000 0000000 ι00030 030000000000 0000003 00000 0 0000000 000 00
00000ος 000000000000 0000 00000000 000 000000 00 (00000000 00000000 0000000
-000 000 0000000000 0 00000 ι0000000 000 0000000000 0300 00000 0 0000 (0000000
0000000 ’000000003 0000000010 0000000 0003000 0 000000 ι00000 0000 00000000
nm 00 (0000000000 0000000000οᾰ 0300 00 000 0000000003 000 000 00300000 000
0000000000 00000 00000000000 000 4000000000 0003 [0000000000 03 00000000 0000
000000 0000000000 000(Ιο 000000 0000 0 0000000 0 ι00000000 0000000 0 00000
00000000 0030000 (0000000 000000 000 000000 0000 00000 (0000000000 00000000
00000 0000000000 00 (000000 ξο0000000 [00000000 0000000000 0000000000000000
000 00000 (0000000 0 0000000000 ι0000000000 000000 ι0000000οι 00000000 00000000

339 0000000000 000 0000000000 ‘zm Ἥ

 

