61435. 6666166666 111 6666666666. 523

11666 6616166166 6166161616 1616161616 1111616116116 6661 S. stani-
61666661616616616666616616, 6661661616661. 16166666 666 6 6666666161
611616161616616Ζ16666616Κ6116616, mnogiemi okrybego 666661, 116-
remu gdy 6161166616 6 Ρ6161ό6 16666661 1666 66616616 6166666611, »66666
„sie 66166616, 616 6616661,“ Zygmunt tak 66161 616661616166ε ,11666661
,6661116616ῐηί 61666661, 16166161 6661 66166661,11611)1 66161166 666666
,6116661666 6661166111616 66666166166.“ 'Wtedy 16116 (166161 616 6 616-
661621166611161, 66166661 16666 1666 66666166611666, 616111
Ρ6161ό6 6666 1 666611616666,’ 11661 by} 66616661 1666666161 1161616616 Wi-
161616, 6 nigdy 616 66 61666 1666 616 616611. Tyeh obu wielki 161616Ζ1ς-
61661,66666666616 (166666 66616 od 66666 Ρ6161161ι, w 661616 616616
16661, uby 166166 66 66616 6161666166, 1116666 616 16661611 6 6111616 16616-
6166 Ρ61611666, 166666611661 mimo 661661 do 06661116 61666666161666,
drugi 66 61661616 1 616616166166 1666616 166161 16166166 6161666666, kare
6666161666 61616111. 1116616616 6161166616, 16 161616 Zygmunt nie 111 66616
61661661, 61616 6 6616 1616661, 661-16 6 ran 61611161, 661 6166616111 1661-
616666661 616166161, 6166611636616661. Ρ661661616 666116, 16 Zygmunt 6161-
1116161611166611 66 6666666 6161166161 66666 16161161 6661666666
sam 16616161 1616666, 116661 mu do 666 6661611 16661661. 1116166116 616
61611 616116 6166661166161116616666161666166, 11666 16166166 1611666116-
mu rozerwanemu 6666616666ιυὶ 6616166611 61616 61666166616616666. 0116-

go bowiem 66666 6661661116 6166161666111 1166116 6616166111 161616616861-
161616111, 6166666611 6616161661 1666666616 6161161666 161616616Ζ11-
666616. Sam 6616161111 161616 Zygmut, pomny 66 (16166161616166 od

Roga 6166166666, 6 66161666 6166661661 161161 6166616661 1616161 6666116161 166-
16616616166666161 66666111. Ζ616166166 16 6166166116 61616 1616166
1161161666 6161116661 666166161166161661 61666661, 166616, 1611661 1661-
666666616166661 1161661661.

111111666166616116 6616661666616161611616 6 navego 1666616

11616 16616166666 drugiego Kwietnia, 6616 661661616θηί6 661666 Κ6666-
(1616161616 S. 1111661616 61666616 nowym, 6116161666616 6 666666-
616 66161616, 66 6116616616 1 6116666616 1166666166 1161166616 Tophen-
dorsa, 616166616661611666 16161616 S. J 666, 116616 6 1166616161 16-
1666111611166616661, 66661666 16616 6. 11661661 66161666 Pruskiego
i 16161666666 1666166616 6666616666 gdy 616116161 6166616 6166666616οηί6
66616616161616, 1 66 6666666 Β66116161116 66666 6616 6116666166, 616661

 

