’0000000 0000000 00000000 00000 00000000000000 00000 0000000000 0 00000
0000 0300000000 000000 0000000000 0000000 0000000 00003 0000οΓ 000
-od 03000 00 [0000000 0000000000 0 ι00000 0000000 0 0000000 0000000 0000
§um *00000000000 0000000000 0 00000000 000 00οΓ (0000000 00000
00000 00030000 0000000οΖ 00000 000 “000000 0000000001 000000 00000 000
ί00000000οΙ 0 0000 00000000 0000000000 0 000000000οᾱ (0000000000 00000000
000 0000000000 0, 0000000000 00000 0 0000000000 0000 0000 0 000000
op 000000 0 *00000 [00 0000000000οο 000 000000 0000000 0000 0000000000
0000000000 000000 0000 00 00 00000οΓ ι0000000000 000000 000000 0000
00000 0000000000οψ 0 00000000 00000000 0 (0000 00000 00000000 00000
000030 00000 000000 000000000000000 03000000 0000000000 00000 00000
0000000οΖ 0 0000000000 ι000000000000000 0000000000) 00000010 00000
ι0000000000 00000 0000οΖ 00000000 ’00000000 0000000 00000000 [00000
000 0 0000000 000000 [00000000 0 0 00000 0000 mg ’0000000000 000
000000 03 00000000 00000 000 (0000000000 00 0000000000 00000 000 0 00030
00 000000 000000 0 000000 0000000 000 00 ι03 0000000000 000000001000000
000 0000000000 000000 00 00 00000000 000 0 000000 00 0000000 000 00000000
0300 000000 *0000000 00000000 000 00 00000000 έο0030 0000000010 000000
00000 0 000 0000000 00000 00000 000 0000000000 0300 00 ι0000000000 0 (0000000
-0000 03 0000000000 000000) 00000000 00000000000000000000000 ,00003 00000
*0000000000 0000 000 0000000000 00 ι00 00000000 0 (0000000 000000 00000000
00 ι0000000000 00000 00000000 0300 0 0000000 000 0000000000 0000000000 0
00000000 0000000000 03οΓ 00000 000000ος 0000100000οΙ0000000000οιοἰ ι00
0000000 0000000000 0000000000 0 0000000000 0000000000 op 00000000 0000
000000 0 0000 0300 00000 000 0 (00000000 0 ,000000 000000 0000ος 00 000,ῐο
ι0000000 0000000000 0300· op 00000000 000 00 000000 (00000 0 00000000
000001 00 0000000 00000000 od 000000 0000000000 [0000 000000 00001
-0000 ι00030000οΙ 000000 0000000000 0000000000 03 000000 ζ00000 0000000000
0001000000 [00000 000 ι00000000 00000 000 0000000000 000 00 (00030 00 000

0000 0000000 000000 0000000 (00000000 000 000Ι 000000 00 0 00000000 000
0000000 0 0000000000 03οΓ 0 0000000000 (100000 003 0000 00000000) 000000
-0000 0 0000000 0000030οΖ 00 (0000000000 0 ι000,Γο 00 00 0000000 00
000000 000001 000000 0000 0000000000 00000000 000000 0000000000 0000000 [000
-000 00000 ι0000000000 0000000 0000 03000 00300 00000000 ι00000000 03
00000 00000 00000000 0 0300000 00000000 00000) 0 000 00000 [000000 0 ‘ogd
00000 0000000000 00 00 0000000 0000000000 00 *0000000000 00 0000000 0000
00000000 [000 000000 0 ι,000000 0000000000 00000000 0000000000 0000010000
-000 0000000000ᾰο 0 0 (00000000 00000000 000000 0000000000ου 00000003
-od 0 modu 0000000010 0 ι00000000 00000οξ0 od 0 000000 0300000000οΧ

’6301 Ἢ ’0000000000 111 0000000000 1299

 

