-11 111111 11 1111111111 11 11111111 1111111 1111111111111 1111111 1111111111

5 1111111111111111 11111 111111111111111111111 111111 111 1111111111 11111 11

111111 1111111111 111 111111111111 11111111111111111111 1111111111
11111111111111111111111111111 111111111111 11111 1111111111 od 11111111 111
1111 111111 111111 1111 1111111111 1111111111111111111111 11 ι1111111111
111111111 11111111111111 111111111 11 (111 11111111 11111 1111111111
111111111111 (11111111 1 11111 1111111 1111 11111 11111111111 1111111 1111
1111111111 111 111111111111111111 ι11111111111111111111 11 11111 (1111111111
ι1111111 1111 11111 11111111 111111 111 11111 111-11111111 1 1111111111
1111111111 1111111111 od 1111 1111111111 1111 111111111 11111 1 (1111111111
111 111 111111 111111 1111111111 111111 1111111 1111 1111111111 11111
ι111111 1111111111 1111111 11111111 111111 1111111111111 1111111111 1 'uu
-1111111111111111111 111111 1111111111 0 11111111111111111 (1111111111
1111111 11111111 111 11 ι111111111111111 1111111 111111 1 ἐ11111111111
11111111 111 111111 111111 111111 1 ι111111111 111111 11111 1111111111
111 ι11111111 111111 111 ι1111111111 111 1111111111111 (11111 111 11111111ί
-111111111111 1111111111 1111111111Ι 11111 1111111111111111 111111
111 ι1111111 11111111 111111 111111 11111111 1 1111111111111111“
-1111111 111111111 1111111111 111111 11111111111111 111111111111111 1111111(
-11 111 1111111111 111 1111 1111111 1111111111 111 11111111 1 11111
11111111111111111111111 1111 111111 111111 1111111 111111111 111111111
1111111111111111 1111111 1111111111111111111 11111111 111 1111 11111111
-11 1111111111111111 1 (1111111111111 ι1111111 1111111111 1111111111οᾶ
111111111111111111 ι1111111111 11111 11111111111 1 111111111111111

·1 1
111111 11111111 1111111111 1111111111. 1111111111 1 1111111111 11111 111111

’1111 1111 1 111111 11111111 1 11111 1111 111111 1111111 1111111111 ι111α
-11 1111111111111111111 1111111111111 111111, 1111111111 1 (1111111 11111111
111111111 11111 ι11111 111111111111 (11111 ί111111 11111111116 1111111
11111111111 11 1111 1111111111 111111 ,,·1111ο1 11 1111 111111 1111“
1111 ι11111111111111 11111111 (111111 1111111 4111111111111111111111
1111111111 1111 (1111111 11111 11111 1111111111 111 ι111 11111111111α
-111 1111111111 11111111111 11111111 1111111 1111111111111 1111111 11111“
’111 1111 1311111111 1 1111111111111111 1111 111111 111 (1111111111
11111 (11111111 11111111 1111111111 1 1111 111111111 1111111111 (111111
11 111111111111111 111 111 1111111 611111111 1 11111111 1111111111 111111
1111111111 13111111111111 (13111 1111111111 ι1111111111 111111111 11111

’0111 ‘²1 · ’11111111 1111111111 09

 

