111111111111
1111111111 ι111111 ι1111111 111111 111 1111131111 1111111111 111111 1111 ’11111
1111111111Ὶ (1111111111 ι1111111111 ι1111111111311111
ι11111111 11111113 ι111111111111111 11111 1 (111111 1111111
(11111111 1111111111111111111111 (11111311111111111111
111111111111111111111111 ι1111111111111111111 1111111111 1111111
ι11111311 11111111111111 111111 1111111 1111111111111111111
111111111111111(111111111111111111111111111(1111111111111111111
ι111111111111 11111111 111111111111111 1111111111111 111 11111111

1111111111111111 111111111111111 1111111 1111 1111111111 11111 1111111111

111111111111)

1111111111 1111111111111 ί1111111111 11111 1 1111111111 11111111111111111
111111311 1111111111 ι1111111111) 111 111 11111111 111111111111 11111
1111111111· 111 1111111 111111 11111111111111 1111111111 1311111111 1
111111111111111111 ι111111 11111111 1111111111 111111 1111111 1111111111
-111111111111111111 1111111111 111111 111111111111 11111111 111111 1111111 1
11111 1111111111111111 1111111111 111111 od ί1111111 1111111111 11111111
1111111111113111116111111111 111111 111111111111 ξ111111111 111111
1111111111 1111 1111111 111 111111 ι1111111111111111 ι111111 11111 1111

1 -11111111111111 1111111111 1111111 1 1111111 1111111111 ι11111111 1 111111

(1111111 111111 1111111111 1111 11 11111111 ’1111111111111111111 (1111
111) 111111 11111 1111 1111111111 έ1111111111111111111111111111111111
11111111 1111111111111111111111111 11111111 11311111111111 111111 111111 od
1111111 1111111111) ’1111111111 1111 11111111 1111111 1111111 έ1111111 1111111
· -11 1111111 11111111111111 1111111 (1111 1111111111113111111111111111 11111
-oq 1111111111111111111 ι11111111 1111111 1111 11113111 11111111 111111
11111111111111111111111111 1111111111] 11111 1111111111111 1111111 11111
-11 11111111 111 111 1111111111 111 11111111111111111111 ἐ111111111 1111
Ι1111111111 11111111111111111111 1111111111 11111111 111111 111 11111111 111111
11111111 1111111111 1111111111 111111 (111111111111111111111111
1111111111 111 ι1111111111 111111111111 1 1111111111 11111111 11111111 111111
1111111111 1 11111111 11111 1111111111 1111111111 ss 1111111111 11111 111
-111111111111111111111 1111 11111111 1131111 11111 (1111111111111111111
111111111 11111 11111 1111311 11111 111111111111111111111111 111 ἐ11111
-od 111 11111 111111 11111 111113 ί1111111 111111 11111111 11111 1111111111 1
11111111111111111111311111 ι1111111111 1111111111 1111 11111 111 11111111
1111111 11111111 1111111113111 111111111111111111111 ί1111111111 111111

16 · 11111111· 1111111111 ’0111Ἢ

 

