194 1111111111 11111111. R. 1411. 1

1

,111 1 1111111111, 11111 1111111111 1111111111 11111111 1111111 11111- Ν

’ ,111; 1111111111 od Roga, 1 1111 11111 1111111 1 1111, 1111111111 111-
,11111111 1111111111111111111111 1111111111· 1111111 1111111111111
,1111111111 1 11111 111111111111111111 111111111111 1111111111. 111111 11111
,11111 111111, 1111111111 111111, 11111111 1111111 111111111111111 11-

,111111 1111111111111111 1 1111111 1 1111111111111111111111, 11111111 od x

1

,1111111111 1111, 11111111 1111111 11111111, 11111 11111111111 11111111, ἓ

,111 bez 11111111 1111111111 1 111111111111. 11111111 111111 Ρ1111111, 111

,111111 111 11111 sie 111111 111111 11111111111111111111 11111111 11111- x

,11111; 1111111111 111 1111111111111 0111111111 111111111 1111111111111
„mu 1111111111111 1 111111 1111 1111111 1111111111111111111111 i 1111-
,1111 11111111. 111111, 11111111 11111 1111111111111 11111 0111111111,
,111111111 11111111 1 111111, 111 1111111111 11111111111111 1 111-
,1111111 1111111111111111111111111, 111111 1 11111111, 1111111111111

,1111111111111111111111 111· 111111 1111111111, 1111111111 1111111111 2

,1111111111 1111111111111 1111111111, 1111111111, 111111111111, 1111111111111
,111111111(1111111-1111111111, 1 11111 1111111111111111 ternu 1111111111-
,1111 11 1111 111111111111111111, 1111111 111111 11111 1111111111 1 11111
,11111 11111 11111111),11111111111111 111111 11111111, 1111111111111
,1 1111111 1111111, 1111111111111, 1111111111 11111111, 1 1111111111
,1 1111111, 111 1111111111 1111111, 11111 1111111111, 111 11111111 111111,
,11111 1 1111111. 0111111111 1111111111111111, 11 11111111 11111 111111
,111111111 111111, 1111111111, 1111111, 111111, 11111111 1111111111111111-
,111 11111111111, 1111111111111 1111 111111, 1111111 111111111 11111 11-
,111111111111 1111111111111111111 1 111111 111111111111111, 1111111 1111-
,111111 11111111 11111 11111 1111111111 11111 je i 1111111111. 11111111
,11111111 11111111, 111111111111 11111 11111111111111111 1111111111*

Po 1111111111 11111111111111111111 11111111 11 1111111111.

1111111111111 11111111111 1111111 1111111111 1 111111 1111111,
11111 11111111111111 111111111111, 111111 1111111 11111111 111111 Kon-
1111 1111111, 111111 011111111, 1111111111111 111 11111111 11111
1111111111 1 1111111111111 od 11111111 V 1111111 1 11111111
1111111111111 111111111 11111111 1111111111,110111111111111 1 111111
S. Wincentego 1111111111 1111111111. 11111111111111111, 11 1111-
111111 sie swojej 11111111, 1111111 11111 1 1111111111 1111111.

 

