1111010111 11111110. 111430.

11111111 11110111 1111111 1111111 i 11111111111111111111111011110. ¹

. 111111 (111001Η100111 1101001111 0111111 1 1110111111 111111 81111-
11, 1101111 1110011 nim 11101101 111 10111110111111(1010111111-
gensis), 11111 111 1101111011 11111111, 11011108111111111-
01111011111 1011101110111010101111, 1111101001101111 1111011011
8111111111 11110118.1010110111110111110101101111 111111
0101111 11111. W 1111 0101101111 01111111 1011111118111101; 01101, 101
10101111110111101110, 11111111 101011. Η100101 0101101011 1110 011111111-
11 1101111 11111111. W 111011 S. Antoniego 81111001 1101111 1011011111
1 0101111 1111010 01011, 11111 1111111111111011Η1001111,’111111111 11-
10110101 1110111 110111 Ηο001111. Ale 101 11111 0011111οΗ1100101
0111011011 11111 111001 811111111111010,1111011011, 11111 110111-
0101 Ρ10101οΡ0101111110 111111; 101111 1 1110010 11111111, 111·
1011011Ρο101, 1 1100101111101,’111111011111111111110111111
10101011 11111111 111111111011. Ζ 1101 111001 11111010 1110111111 1101101111
8111111, 1 01111010 po 11111 1111101110, 1010111 0110101111111. 11110 Wro-
11111111101111101001811111101011111101011111101(Νἰ1111011101-
01111 0111111111, 111 111101 1110111111011, 11111110111111111011101001-

011111. W 1111111. 1111111111 1011111 0111111101, 111111011010111011
11101111011110,101101011Η1001101110111011 111101110 Halo· κ
0101011111 Ηο1111010 81111011, 1111111011 1001111111 0111110111
1 101111 10 01011 111111111110110 01101111 1011101 1011.

nou mim 11111.

11111 1111111111 1111111111 0111111111 0111011 prm i 1111111111.

Po 11111101 1010111110 Ρο1011110 010101101101 1111101111, 1111-
1101001111 Ρο1011 1111111101011011 10 J 11111, 10111 11011011011
111110 1010111111 1110 1111111011 11101111 1101110 110110 11110111 110-
11110101101. Κ111 1110110111, 1101111011 110111 ku 001111010101-
1011010111 111101111011 111111 010111111 1111101111 1101111111 11111, 10
1111110111011, 11111 101 11 1110 1110010110, 10110111110111 1011101 111111-
11, 01111111101111110011111 1 1111111110111 1111001110 1010111. 1101101111
11101111 10111011 1110110111, 1101101111 110011011 1 111011, 111 11111111 1110
11110110, 11011111 1011011111 1111011101 11011111 1111111011101011011
1111110111, 111111011111111 1011011111 1111 1111101111 w 11101111101111

 

