’0000000000 0000000 0000000οΓ 000 0000001 [0000
-0d 000 00000000] 000 0000 ’000Ιο0 00000000 0 03 0000000010 000 ι000000
00000 00 000000οᾹ0 0000000000ου 00000 0000000000 000000 000000 ’0000ᾶῦ00
-nu 0 ι0000οι0 00 00000 {od 0 [00000 000000 0 000 000 00001 000 0000000000
000 ι0000000000 ’0000000 0000οΓ 00000000 000 0100000000 0000000000 0 0000000
-00 000 ’000 0000000000 (00000000 000 00000000 00000 000000 0300000 00 000
0000000000 00000 0 ι00 000000 00000000 0000000 ι0000000100 000 00000 0
ι0000000 0000010 0 0000000000000 (0000000000 00000000 ’0000 000000 00000000
-0000 00000οΓ 0000 000 0000 ι0000000 00000 0000000 ί0000000000ιί 0 0000 00000
000οξ0οῐ0 000 0 000000 00000 3000000000 0 00000000 3000000000 ι0000000 [000
00000 0000000000 0 00000 nm 00000000 (0300000000 00000000 00 00000 000001
0000000000οΛ 00000οο00000 00000000 0 03 0000001 0 00000 0000000000 'eu 000
0000010 0000000 000000000000000 0 00000 00000000 z ‘qsuvzomod (1000
-00 00000000 (00000οΗ 3000000000 00 0000001 0000 000 000000 0000000
-00000 0000000000 of 0000000000 0000000000 [00000001 ι0000000001 0000000000
00000 0000000000 000 00000000 000000 ι0000000 0000000 00000000 00 000000 03
00000 0000 00 ί030000000000 0 030000 0000000000 0000000000 0000000000 0
00000100 (0000000000 00000 0000000 00000000 000 0000000000 M 00000
0000 0 000οΓ000 od 00 ’000000 0 (0000010000 0 00000000 0300000000οο
-00 0000000000 ι030000000000 0000οἆ (03000000000000000 000
0000 ί(0000)) 030000 0000 ι0000000000 0000003000 ι030000
0ιο000 000οΗ εο0 0000 ί0000000000 0000000000 (0000000 000000 0 0000000
- -000 000000 00 00000000 0000000 ι00ιο0000000000 0000000000 000000
00000000 [0000000000 0000000000 03 00000 ί0000000000οι [mu 0 0000000000
-00 0 ‘ulnus 000000 00 0000000000 000 0000000000 M 0000000000 00 0000
0300000 00300 0000001 30000000 0000000 0300000000 0000000000 000000 000000
000000 [000 0000000000 030000000οΝ 000000 0000000000 od

0000000010030000 00000000 00000 0 0000000000οι zm 0000000000
dmm ’0Γο00 00 00000 0300000000 00 000001300οο 00 0000000000 0οη 000

’0000 'expuo 000 000000 000 000 00000000 00000000 0 00000οΐ00
Ι00000010· 0000000000 0 (00000 0300000000οε 000000 0 00030ιο 03000 00000
-000 0001 ’0000 0000000000 003 (00000000 000000 0000000 ι000000 000 000000

08 ‘mmm 0000000000 0000 0

 

