172 1111111111 11111111. 111414.

11111111111, 1111111 do 111111 1111111, 1111111111 1111111111111
Bri 1111 11111111 111 11111 11111111, 111 11 1111111 1111111 1111111111
Β11111111 1111111111111 11111111. 111 1111111111111111111111111
1111111111111111111.11111111111111111111 1111 do 11111111
1111 111111111111, 11111 1111111111111111,111111111 111111111 111111,
111 111111 111111 1111 111111111θηὶ1 11111111 11111111 11111111111111111111111
1111111 11111 1111 11111 do 111111111111 11111111111111111111111111111
11 Κ1111111111 11111111 11111111 1111111, 1111111111 111 1111111
111111 11111111111111111 1111111111, ,111 111111 1111111111111 11111111
, ,11111111, 111111 111111 11111111111111.11111111,11111111111111 11
,11111111111111111111111111111111; 1111111, 1111111111 1111111111 po·
,11111111111111Β1111111,111111111111111111111,11111111111

„do nich 11111111111;1111 111111111 (1111111111 111111 11111111 111111111- “

,111 1111111 1111111111 1111111, 11 111111111111 1111111 1111111111, (1111-
,11111 1111111111 1 1111111111 111111 1111111111, 11111 111111 1111
,111111 111111111111.11111111,111 1111 111 1111111111 1111 11 111 do 111
,1111111111111111111111 11111111 11 11 111111111111111111111111111 1111111111
,1111111111“11111 111111111 1111111111 11111 1111111 1 81111111 na sobor
do 1111111111 1111111111111111111,111111111 1 1111111111111 1111111-
111111111111111111111111111111111111111111111,1111111111
111111, 111111 1111111111 11111111 111111 111111111111111111111111111-
1111, 1111111 111 11111111 111111111111 1111 11111111 1 Κ1111111111.
Κ111 111 11111111111111111111 1111 1111111, 111111 111111, 11111 111 1111·
1111 1111 1111111111), 1 111111111111111 11111111 1111111ο; 1111111111τὶ-
11111 111111 innomi 1111111111, 11111 11111111 11 1111111111 1111111111
111111111, 11111111, 1 11111111111 11111111 1111111111, 11111111111 go
1111111111111111, 11111 mile 1111111111 11111111111Κ111111-
111. Tam, 111111111111111 111111, 1111111111 1111111111 1111 11111111
11111111. 11111. 111111111111 11111111 11111, 11111111111111111111111111-
11111 1 11111111111 111111111111 11111 11111111 1 1111111111111111111111111·
111 1111111111 Β1111111ο11 1111111111. 11111 (1111111111111111111111111 Ι
1111111111 111111, 11 111111 11111 11111111111111111111. 1111 11-
11111111 11111111, 1111111 11111111, ,1111111111111111111 111111111111
,1 1111111111 111 11111 1111111111.“ 11111 1111111111111111 (1111111111 111-
11,111111111111111111111, 11111111 1111111111 111111 1111111111111111,
1111111 111111Β111111111111111 1 111111111111 11111 1111111111 1111111-
11, 1 11111 11111111 11 11111111111 111 11111111111111111. 1111 111111-

1111 1111111111]111111111111111111111111111111 11 11111111 111111, 111111Ι
111111111111111111 111111111 1111111111 11111, 1111111111111111111111-
111111111. 1111 111111 111 1111 11111111111111111]1111111111111111111,111111

 

