W. 11111111 ob. Berauna.
1111111111 panna 11111. 552.
1111111111 m. 165. 11111Ιί11 (1111111Ιί) 446449.
1111111111. Rzym. 161. 2. 3. 4. 6. 84. 139169. 11191γ1 herb szl. 145.
170. 215. 216245. 1111111 ob. 1111011 j.
1111111111 11111. 171011. 111. 194. W1ddyn (3111111111) m. 660. 665.
wwtaw 11. 11111. 151. 158. 111 111111 (11111111) 148.
1111111111. Opaw. 158. 248. 295. 1111111111111. 73.
1111111111, 1111111111 11. 1111111101. 221. Wieezonyn w. 423.
1111111111, 1111111111. 0111111. 479. 480. 513540. 11111Ιὶ1111 m. i iupy 10111118. 294. 580.
11111111, syn Wac1. ks. 11101480. 11111111111111111460. 461. 463. 517. 518. 548. 559·
1111111111 11. 61111. 513. 641. 619. 631.
11111111 syn Bol. ks. Ciesz. 317. 111111111111111 1111111195. 102. 140. 303. 364. 411.
11111111 syn Kazim. ks. 0111111111 479. 562. 564. 580.
11111111 1111111111. 225. W1010na 11111. 175. 179. 202. 2811290.
11111111 [1111111. 6166. 11111115 m. 178. 239. 266. 285. 298. 315. 527. 529.
11111111 11111161, 61. 177. 631.
11116111111111 111. 48.145. 386. “ 1111111111 pow. 5111161. 148.
11191 ob. Piotr. 111111υή111 1111111136. 95. 462. 631.
1111111111 11111111 261. 1111111111 herb 111. 11. 36. 93. 104. 400. 487.
1111111 11111. 316. ¹ wioma 11. 425. 481.
14111111 ν. 01111426. 1111111111111111 111, 48.
1111111111111111111111111126. 1111111ιό11 11111. 631,
1111116111 m. 124. 130. 111111161911 1111111111404.
1111111111. 663. 665-668. 671. 675. 11111111169. 247. 458.
11111ρ1111111111111111111111111134. 1111111111 169, 216. 217. 247. 325. 437. 534.
1111111 1 01111111 563. 606. 1111111111 hr. Cylli 11. ’
1111111111 m. 312. 400. wilhelm margr. Misn. 158. 178. 227.
111111111111 ryc. poL 36. 178. winheim ΕΙ11111 10111111 111111. 24.
1111111 111291. 399. 508. witham 1111111, 61. 406.
1111111 11. 460. wilhelm Ν1111111181119116124.40.
1111111 111. 11111111, ks. 1111101411410. wilhelm 61 11ηηνογ 252.
111111 Ρ111111 11111. 606. wilhelm, pose} Amad. ks. 81111111. 584.
1111111111 m. 174. 606. 1111111111 Η11711111111 (Ε1ρ11111111111140.
1111161111 ob. Klemens. 1111011111, 1111111111 gdry Karmelu 457.
1111111γηί11 Ζ111111111 ¹11211nowy 321. 379. 412. 1111111οωί111 m. 175. 521.
413. 420. 434. 443. 445. 529. 618. 1111111111. i 11111. 113115. 140. 144. 150. 175.
11111111γηί11 Roth-ewam, palat. qu. 587. 588. 324. 373. 376. 387. 444. 480. 523.
592-594. 615. 657. 1111111111γ 1101 1 11111111 400. 410. 528. 532. 535.
’111111111111111 423. 537. 560. 561. 658.
1111911 120. 122. 126. 167. 219. 256. 371. 436. 1111111111( 1 1111111111 2. 37. 73. 186. 238.
459. 541. 551. 570. 571. 577. 578. 580583. 1111111111 1 1111111111 287.
593. 610. 616. 617. 621. 625. 626. 628-630. wincon1y 1 8111111111 337. 379. 451. 537. 557.
634. 935. 640. 641. 645. 649. 650. 651663. 581. Ι585. 596.
, 664. 11111111113111111113111111111111) 73.
1111911 (11111911) puszcza 11 Niemnem'203. 436. winozyk m. 456.
¹ 659. 1111116γ11 111. pol. 590. 631.
1111911γηί 130. 352. 545. 583. 588 - 592. 595. 1111111 1101111111. 550.
610. 615. 618. 621. 623. 645. 646. 655 - 1111111111 m. 106. 283. 482.
673. 111111 11111111 (wisan) Moraw. 188.
1111111111. 32. 1111111 11. 14. 71. 86. 151165. 212. 272. 417. 511.
1111111111 1111111110 120. 640. 1111111111 11110. 138. 141. 175176. 179. 215. 293.
111111111ψί1 120. 129. 132. 164. 478. 665. 237. 331. 353. 375. 442. 495. 515.
werdun m. 677. 11111151 11. 585.
warner Thotinqon 1Τ11111911) 24. 25. 41. 44. 62. 72. 1111111111 11. 267.
1111111111 1 1111111111, 61. 240. W1⁸⁸191n‚ Litw. 145.

 

