1111111111111101111 1111111 11111111 11111 11101 1010101110110111011
011101 1 611101οΗ 01 1111111 1111101111 s 11111 1111111111011

ι11111 111111 1111111 011110111111111111 1111 ί1111111 111111111111
-1111111111111111 1111111111111111111111 411110101111111111
11 01 111111111·“1111111111011 M 11010111 11 110101111011 1 ι1111101
1111111111 1111111111111 41111111111111 0101101011 111 ι11110011 11011111
01111111 ’1111111111011111111111111101011111111·11111111
ΊΘΞῊΠἩ 1111101 ὃ19111 ulma [91³1 111111111111111111

· 0111110111 1111 111 111101 1 ’1111111111 11011
1111 1100111 1011 101 0111011111101111011011111111111111111111 1111

1111111111 1 11111
-111111111110111 1111111111 11001011110111 4111111111111 110111111
1101111 1111111010111 11110111101 1111011 1 110101 0 11011111 110111111
01010111 (1111111110110111 1110111 1 1011111111 1111 111 111 111101
’111110111101 111111 111111 111111111111 1 101111101111 1 10111
-11111 1101100111 11111110 111111111 ι1111111101111101111111 1111
111 1 01111111 11101101 0111111 61111111111 1 1111111111111 111111 1 ’111
-111111 01 01 1101111111 1111011 111 1 (1110101111111 11111111 110111111
11111111111111111 1111111111 1011111 1111111111 0111111101 0111111 1111101
111111 11011 111101 110111101111111111101 (11101110111110111111 ’110101
0111111111 ,,·1111110111111 1111111 110111101101111101 01111 *111111
-01 1111 1 111 111 1 ί111111101 111 1 111111111 01 111 11 6111111 1 11111
-111 111011 1 11101111101 111 111“ ε1111111111011 1111011 1 (11111111 1
111111 1111 1111 01111111111111111111111 111111111113 110111111 01
1101111111111 ι111101010111111 111111111 1 0111111111 11111 11001101
111111111101011 1111010101 111111111111110111 1111011 1110111111 111
-01111110 111111 (111111111101 111 (11111111 11111101 111111 111110111110
1110111 01111111 10 1111111011111 1111111 1111111 11111101 1
011111111111111111111111101101111101111 ί011111101111111111
11 111111111 1111111111 11111111 1111111101 10111110 1110010 11101101
110 1101101111 111 110111 ,111111 1111111111 11101101 1111 111011 111111011
-11 011110101 111 ι11111101 1101111111 11110101111 10111111 11 601101111
111 6011111111 1111111111 11 1111111011111110111111 ,,·11011111101 111(ί
1111111111111111111 11111011 0111 01 11111 (11111111 111111 0111
-11111111111101 11111101111111111111111 111111111“ ι0711111111 111111
110 (1111111101 1 11111101111111 01111 01 111 (011111101111111111
1111111011110111101111 (1111111 1101011 111111011111111111

191111 11111011 1111111111 011

 

