552 6666166666 111 6666616666. 661438.

166666161616616661, 16 gdy jej 66166 1616 66 6666611161 66661666661
1661166166, 6666616 6666616166, 111666 61616 616 6661616 6666116161 od falszywej,
66666616 616 616111666 6 66616 661166161 666116. Ζ 6666666166616 6166 161
1661666666· 6666616 1661166166 1616116 61616666 66616616 6616616, 61116 6661
,6166666666161611 mog} 66661611, 66 od (16666 6666666166161 11166166 116166
Κ66166611. ’ “

11616666 61166616 666666· 66666 1616661166· 16166166 11666111.

866666661 661 16 66666 616161616 Κ6616661166 66661 61166666,
66 66666661 (1661666661 6661666661 1161661666 1161666 Κ661666116-
go, J 66 111661 161166 6666 161616166611, 6616166161 1 1666611 1166166-
611, 6616616611666 66616, 6661 6616166 6611666666661 66166666 61616666 616-
666616166661616 616116 66616. ’166 6616 616161616 1616166166661166
16661166 6666616661 616 66 661616161616, 6 666616 1616666616 6666616616
16 616666 66161616616616, 616166166161616666 6661666616666161, 616 66666
6666166 1 (166666161616 6666616 616 1661666116 16616666 6 66116 6666616616.
11616-16, jak 616 6116166· 16616161666, 66666,1661661666 1116666116,666166
6 Κ661666. 11166116 616 6661666 od Roga, i 1661616 u 1666116666 66616-
616616τ 61661616 6166 166166 6616 66666111. 111666 16661616 6666166161, 616666
666661116 66666 jej 61661666666116; 616 16661161616116666661666616 666-
1616116 6616166666 666161 6666166661. 01161616 66666161, 616 J 66 616 61616161,
661616166666166ε 1616116166 66616 666· 6161 616 66616661, nigdy jej 16-
61666 6666116 616 6116161. ’1666 66116116 161616, 61616 666166161 66 616 jej
61666616; 6 661166 6166166616 6116 616666 66661611. 116661 jej 66666616 66 1166
1616, 11116 66616116 66161161), 6 66116616 6161666616 666661666116161616616
661666 Β61666. &dy 6166166661 11661661 161 6161666 66666161616 666-
666, 6 66 6161616661, 1161661616, 66166 mu 6661616161 6161616, 66616616;
„oto (666116) 6611616166 06666, gdy 61616666 6 616161 1616166666 Ν6666166616
1661611666 6161666 616 66 666666661, 661616 mi 616 66616, 66161666 6166161616
S. Floryana 66 666616161616 11661666 1616 66 661616161616; 6116616
66666 6 66166166 6666666616 61666, 6666616 6661616116 661666161 666666666
616166 6666166616 6611), 66666616666616 (1616666 11616661 61666661661; 1161
66161666661 66666 616666 6666166616, 16 6166661 6616 666616111 1616161. Po-
66166166 nimi 1661611611 6 61666661 1616166161, (166166 66 66666616 6666166661
661611 66 6661661 16666 11616 1 66666666, 6666666 661 661666616 6166611616
616661 1666661. Α gdy 6161166 6666166661 6666611 661166 666161611616161616,
ja 661, 611666661616 616 666666 666661, 6166666616 61666166 616 do 1616,
66166166 666661616666661 6666166661666 666666616 66161666 1111616616 6 Bm

 

