568 1111111111 111 1111111111. 11. 1139.

Ι 1111111 111111; 111111111111 1 1111111111111111111 1111111111111 Eugeniu-
111111111111111111111111 111 1 11111111 1111111111111, 1111111111 11111

, 11111111111111111111, 1111111111 1111111111111111111111111 111111.

111111 11111111111111111. 111111 Alban 11111111.

(11111111111111 11111111111111111111111. Μ1111, 11111 1111111111
1111 Polski 1111111111111 1111111111 Β111111 1111 111111111111111-
111111111111111111111111111111111111111111,11111111111111
1111111111111111111 111111. 111111 1111111 1111111 11111111111 11111111
1 1111111111 1111111111, 1 111111111111111111111111111 sarbia (Rascia),
oblegl 111111 8111111111 1811111111) 111111 11111111111111111111-
jem 1111111111111111111 111111111111111111111 111111 11111111 1111111111.
11111 1111111, 1111111111 1111111111 1 111111 1111111, 1111111 1111111 sile
111111111111111111111111111, 1 111 11111111 11 11111 1111111 11-
1111 1111111111 11111111, 11 11111 1111111111 go 11 1111111111111111. 11111
gdy 111111, 111111 11111 11111111 11111111, 111111, 1111111111 1111111111
1 11111111 bez 111111, 111111111 111111 1111111 11 11111, 1 11111111 jego
11111111111111 sile 1111111111111, 1111111111 1111 111111 1111111111 111111.
111111111111111 1111111111111 11111111 1111111 81111111111111111111
1111111111111, 111111 111 11111111111111111111111 11111111 11111111,
1111111111111, 1111111 1111111 111111 1111111, 1111111111111111, 1 111111
1111111111 11 11111. 81111111111111 1111111111111111 1111111111, 111111-
cha 11111111 1 11111 1111111, 11111111 111 1111111111, 1111111111111 jadas}
11111, 111111 11 11111111111111, 1 1111111111 11111111111111111111 111-
11111, 11 111 1111111111 Strygofiskiego Landdorf 111 Duna-
jem, 111111111111 S. 81111111 i 11111, 1111111111111 11111111111111
1111111111 1111, 1111111 1 Β11111111111 11111111111111111111111111. Κτ11
11111 1111111111111111111111,11111111111111111111111 111111111 1111111. 111111
11111 111111, 11111111111111111 111111, 1111 11111, nogi 1111111, 11111
’ 11111111111111111, 11111 111111111111111, 11111 11111, 1111111111)
Ι 1111111 1 1111111111, 11111 go 11111 11111111, 11111 1111111111 albo do kogo
1111111.

·mmmwwmmm.

11111111 111111 11111111 11111111 11 1111111111 11111 Ρ11-
111111 1111111111111111 111111111111111 1111111111, 11111111111111111 1111-

 

