’1. 1422. 1111111111 11111110. 279

1111111111 1111111 1111111111, 111111 111101111111111111Κ11111111110
111011,11111111111111111111101 1 1111111111 11111101111111 1 1111011 11111·
1111111011 011111.

1111111 1110010111 1111111111111 11111111111110 01111110 1111111111111
1 1011111111.

Κ11111111111111 1111 Ρο1111 1111111111 111011111011 11111111
1111111111, 1111101 1101111110 111111 1 1111111111110111111 11111111 1111
(10111111, 0111111111 111, 1111 111111 1111111111, 1111111111 111111 10
1111111111, 111 11111010 1111111 11 11111111 Κ11111111, 1101111111 111 0111011
1111111011Β1011101111111, 11111111101111111011111,1111110111
3111111111 1111101011, 1111111111 111 10 1011011 11111111 1 111111-
11111Β110111110 i 11111111101011111 11011011111111110,
1101110111, 1111110111 1111111110 10111111. 1111111111111 111111 1111111111
101111,110101111111110101111 w 10111 1111111 1111111111111 0110-
111, 11111 1111 1111 1011111111110111 11111111 111 Κ111111111 1111101111
ich 11111111, 111101111111111 111111111 11111 Κ1111111111. 111111 11011-
101011111111111 1 J 11111 101111 w 11111111 11111011, 1111111111 10111111
1111111011 Β1011101111111111111111110111110111111111111. 21-
11111 10111111111111111 1 0111111111 11111111 Β101110111110, 1111-
1111111 1111111111 11111 1111111111, 111111 1111011101 1111111111, wy-
biegli 1 010111, 111111111101111111111110111, 1111111111 111011 11111111
11011 11011 1111111111 Β101110111110, 1111110 11111011111110111011
1111101111, 1111 1011101110110110111 111111111101 1111111 11 11111.
1111111111 Β100110011, 1111 1111111111011, 10101111111111 11110-
11111; 10111011 11110 10 1011 111111, aby 111 11110111 01 1111111101111111111.
11111110111111111111111 011111011111 1011110111, 1 1111111111 1111111011
11111111111 Β101110111110,111011111111 011111111111111111 1011110
1111111111, 11111111 101111 1111111111 1111101111,11111111111111 pole,
1111 1111111111Β101110011110 1111111. Do 1111011111 11111111 spo·
101111111111111 111 Κ11111101 101 1111111, 1 111111111111111111111111111
1 010111 111 111111, 11111111 111111111 111111 111 hylo 111111. W 11110101
111111 1111 1111111110 1111111111 1011111111, 1111 11111111 11111, 11111111
1111111101 010111, 11111, 11111111 111111 111111 1011111111 11111111111111111,
1101111 110110 10111, 11 1111111111ἰοί 1111110111. 11011111 go 1111111111
1111111111 11111111, 11110111111110111111111 1111111111111, 11111 pospio-
szywszy 10 110111 11111111 Brochookiego, 011111111· 0 1111111111 111
11111111111111. 1111111 Β101110011, 111111 0111111110 111111 1010110111

 

