-0111 111110 1111111111 1 1111111111) 1 11111111 1111111111 0311 z
11111111101101 111 11011111111111 111011011111 1111111111111111111
Ι11111311111 11111111111101 ’1111101 01 1111011 1 11111111 111111 13011
111111111011111110 4111111111101 111 1111111 ι11111111111111011 1111111013
-111 ἐ1111101111011110011111111111111111 1111 111111101110 1111111 1
(1111111 11011) 111111111 01 11 1111111111 1111011111 11011111
-od 0101 1 1111031111111 (0311111011111 03111010110111011111111
111011111111101 ι1111011 1111011 1111101111 1110110111 1111111111
11111 111 11111111 ί1111111111 111 111111 11111 111011 1 11111131111111
11111311 031111 111 11111110 111001 11111 11011111103111111011 111113 v
’1111011011 113011 1111110111 ι1111111011 111110101111 1 01111 1113111 11
’1111111111 10 11111111 ι11111111 1111111 111111 11011111 (11111110111
1111111011 1 1101 1111101111 ι11111111111111111111 1 (1110111111 1 11111111
-111111103 1111111111 111111 1111111110111111001 111011011101 1111111 1
ι1110111111 1 111011 11101 1111 ι11111111111 1100111 31101111301 111 111
-111 1 ι0311110111011111101111111 1111011111111110 ι110110111011 1111
11111011 (1111111111 10111111111111111111101 ι1111111111 11111 111111
-01110111111111111111 11111111 0111110101 11113111 11110111 111116111111111
1111111111 111111 1111111 111101 11111111 111111111 11110111111111 1111111111,
11111111 ι1111 1031101111111111 111111 03111011110 1 1111101101 1111 1011011 1
1111111111 0311 01 11110111 11111011 13111 111 1111 (111111103111111111111
13110111111111011 111111111011111111 ι1111111111 01 1111111111 ξ11011
-0311111 11111111111111 1111111 11111111 1 (11010111111111111111011 1
ι11011111 01 11111111 1111110 ι1101 1 11111111111 13111 1111111111
1101111011011 1110111111 1111111 01011111 11111111 1111111111 0311011
111010111111111 ι0311111101 1111111111 01 1111111 11111111110111111
11111111-111111 (1111111111 1111011111111111 11011111 1111 111110 0111

· 1110103 1111111111 1 (1111111111 0311 0 011111111011111111 11111311

0311111113111 11111 1111101 111 11011013 11111111 1111111101111111111 111
1111110111οά 1111111 111111111111 111111 11111101 11111111 1111111111
-1111 1010111 ί11111111 1111111 111111 ί11111111111010111111111111 1 11111
-11111 (1111111101 11011111 01 11111111 1110 111 101 11110111111110110110
0311111111 1111110111 111111 ί11111101) 11110110 1 11111111 111111 11
-1010111 111 11111111 ί111011 1111110111 ι1111101 11111 1111111111

’1111110111οᾱ 11111111 1 0111111111 11111111101111111010111 1111111
111111 11011111 01 1111111111 1111111 0101111111 1111101111 1111111111 1111

τινι num nou

'omlnvr mmmm

 

