470 1111111111 11111111. 1. 1433.

1 11111111111111111111111 11111111111 11111111 111111, 111111 11111 11111

’ 1111111111 1111111 111111111111111111, 1 11111111111111111111, a 111

1111111111, 111 11111111 111111 11111 111 11111111 1111111111. 111111111111
111111 111111, 1111111111111111111111111111 11111111 111111111111.
To 1111111 111 111, 11111 11111111 11111111 11111111, 111111 1111111111 111
11111 11111111 1111111111111; 1 1111111 1111 1111 (11111111111111111111-
ffimmwmmmmm

Wojsko 1111111111111111111 111 1111111111 mom, 111111 ilium 1111·
1111 11111111.

(111 po 1111111111 1111111111 1111111 111111 1111111 1111111 11 111
111111111111111111111, 1111111111111111111111111,11111111
1111111111, (11111 1 1111111111. 8111111111 11111 1 1111111111 111111 111
111110111111, 11111111 11111111 1 1111111111 11 1111111 1111111111,
81111111, 811111111111111111111. Ρ1111111111111 111 11111111,
1111111111 111111 dni 1111111, 1111111 1 (11111 1111111111111, 11111111
11111 11111111; 11111 1111111 1111 1 1111 111111111111111111. Post 11111
111111, 1111111111 1111111, 11111111 1 innomi 11111, 1111111111111111 11
11111 111111 do 11111, 11111111 Ρ11111 1 1111111 do 1111111. Ρ111111 111111
11111111, 111 11111 1111 1 1111111, 111111111 1111 11111 1111111 111 11111
, 111111 1111111111, po 111111 1111111111 111111 1111111 111111111111111 1111-
1111111111 (11111 1111 1111111 1111111 11111111. 111111-111111 111111
(11111 1111 111111111 Polskiego, 111111111111111111 111111 11111 1111111-
1111111111, 1111111 1111111111 bez 111111 11 11111111111111111. 111111
1111111111111 11111111 111111 11 1111111 1111111111 11 1111111111
1111111111 1111111111 1 11111111111111. 1111111 11111111111111111111 11
1111111111 11111111 1111111, 1 11111111111111111 do 111111, 11 1111111111
111 (11111111 1111111. 11111111111111111111, 1111111 1111111111 11111111
(1111111 11111111 1 1111 111111111 11111111, 11111111111, 11 1111111 11111
11111111111111, gdyby 111111 11111111111 11101111111111 1111111
11 go 1111111111) 1111111111 111 1111111111111, 1111111111 111111 11111 11-
11111, 11111111 1 Ρ11111111 po 111111 1111111111 11111111 1111111111
1111111111111111 111111. Ale 1111111 111111 1111111111 1111111111 111111·
11111111 111111, 1111111111 111 111111 11111111.

1

 

