-0000 00000 00 ’00000000 03000 000 0000000000οι 0 0000000000 000 0000 0000000
-00 M 00000 ’00000000 00000000 0000000000 po 0000000000 00000 0300000000 0
00000000ίο 000000 pod 00000000 00003 ι0000000000 00030000 00 03 000000000000
ί0000000000οΙ0οο 000000 000000 000 303 ι0000000000οᾶ 000000 00 0000000000000001
0000οξ ί00000 00000 ,,·000000 0000000030 M 000000 0 0000000001 0000000000οί4
000 000030 00 00 000000 0000000000 ,000000 0300000000 03000 00 00000 000003
0000001000 0000000000 0000300000 000 00 ι0000000001 00000001 0000000 00000α
00000 000 ι0000000030 M 0000000000 0 0000300000 000 30300 vs 00000000 0“
0003000000 000000 0 00000 00 0000 0000000000 00000000οΙ 0 600000000) 00000 W
-000000 ’00000000000000 0 0000000 0000 0000000000 000 000000 000000οᾱ 0000 00 0“
ί0000000000 03000 0 00000000 03000000 po 0000000000 0000000000 0 00000(ί
-00 000οΓ0000 00000030 M 00000000 000000οΗ 00000000 ι0000000000000 00000κ
000 00000000 00000 0000000001 000001 0 0000000001 0000000 0000000000 0000000000
00000300 (0000000000 00000000 0000 0000000030 M 0000000000 00 00000000οᾹ00 !“
[000 000000 00 xpi} 00 ,400000 300000 [000 0 000οξ 0000000000οἀ 0 ΙΓο00 000000““
*00000 0000000 0000000 vs 0000000 M“ :KMMs 0000000300 0 0000000000 0000000000
’000000 0 03 0000000001 00000000 M 00000 ’000000 0 00000000000010003000
0000000000 00 0 ι00000003 000000000οω 000 00000000 0000 00000 0000000000 300000
603000000 000000 0000000 00000 00000000000000 00000000 0300000000)οΗ 0000
-001000000000000 0000 op 0000000000 000 00000000 0 000000οἰ (30000000 ί000000000οΙ 0
000 {epu ‘mfizsseguzoq 0000 0000000 0000000000 000000 (00000 0000000000 M
0000000 00000 00000000 0300000000000 0 ‘K png op 0000000001 ι000000 00000000
0300000οί0 0 03000000οθ MS 00000 00 (0000000000οἆ 00 0000000 0000 0
00000 ι0000000000 0 03 ,0000000000 0 0000οξ0000 0030 00000 000000 00003 ’00000
-0000 0 0300000000 00000000 (0000000000 0 00000000 0000000003 00 000 0030000000 0000000
000000 0000000000 0 (000000 000000 0 0000000000οη (00000οἆ 0000000 0000000
00000 0 {Rq 0000000 000000 00 ι000 0000000000 00000 0000 έο0000000 0 000000
000003 0000000 ι0000000000000 00000 0000000000 000 ,,·3000000000 (0000000000
00000000 0300000 ι000οἰ0 03000000 (000000 00 0003001 00 0 ι00000000 00300000(
000003000000 0000000 Am ;000000000 0000010000οἰ 0000300 03000000 00οᾶ 000000α
(000000000000000 0000000 00 00000000 0000000000000 (000000) 000(ί ’0000000000 Mn]
·p0 0000300000 0000000000 ι0003000 M 0000000000 (0000000000 30000000
napos 60000οἆ 000000 0000300 03 003000 000 00000 0300000000 0000000000
0000000033 0 0000000000 00000000 000000 303 0 (000οΓ00000 0000000 000 00000
-0000 00000 0000000 3000 (0000000000 Mes 0000000100 00000000 00 00000000 03000000
00000Κο 0 3000000000 (0000000000 0000 [pfl 0000000000 000 0000000000000001000
0000 0 0000000010 0000 00000000 000 0000 (0000000000 0000000 000 000 ι0000000000
-op ! 0000000 00000000οο0 0000000 0000003000 000000 00 000 0000000 ι00000000
03 0003000 0000000000 0 3000000 0000000 00 (000οΓ0039 000000 00000οΜ Ι003
-od ,0 0000 00 000 00000001 0000000000 0000000 000000 0000οΜ ’0000000000 0000000

'OWI Ἢ 0000000000 000 0000000000 069

 

