Τ 11, 1429. 1111116161 11611116. 345

16116116161161611111111 ι 1111611 116111 1116111116 1 111116. 11611 11611116
’ 11111116 11116116. 1111611 6111111611, 16 61 1161111111 111111111111616111116·
111 1111161 161616, 6 11111 1111 1611111 1 16111 1111161 116 6166.

(111 16161611116111616161161116611111611, 1611611 11616116 161661
11661611 661116 16116161 1 661161,161111161616111161161116116 1661611616
161 1661116 1161111111 116 161116 16 616 1111161111 1 11616 6616 6111 16161 11-
11116. 1616161616 1 16 11161161616 11116 6111611 11111111,16111616
1166611116116 1 61111116 1111116 616161 11111616116611616111161161-
11166161161161 1111661111 161611666; 16 11616661116161166616116, 11116
66111161111,111161611ι166 1161616, 116 116611161116 661116 1 1611611 6116116
1 66111111 111166116 6616111661 6116161111. 11611611 11111 1666 116116, 611161
1611161161 11661 61161611, 161166116161 6616161, 611116616111611116161-

116611161 1616116. 16611111 11611 616 161111611161161611611111111111 ·

116111161111611, 1111161 ,1611616 161116166116116, 16 11111 nas po·

' ,11616161 6111161 6616116 11161111161111166116 1661666 6111116161 11111-16

,111161111161111111111111 1616111116, 616161111611116111616111616161
,1116116 11111161 16116161616161161611611161611111666 16111 1161611161.
,111161 1611161111161111, 11611111 1111 11111611 1116111111 11111111
,11 6616, 11116 6111 616 11611 11111Ι 1 111616116111111116166161111616111611

⁴ ,1616166161 111161161. 1116 1616 1161116111 1111111 61166111 11661611 616161

,16111 1161116161, 1611611111 11611161 611611 16111616 1116161616 16616. 011111
,111,11166611616, 161 1611161161 16 1161666,11111666 11 116111661116
,61161611 11611616111111161 1616111161 661 6161161116 16616 1111116661 16-
,161111 1616111116 6166161161, 66 111616 1 1161611111 116111, 1616616661116
,116 161116 111611661611111, 161116. 16161611 616 wisi 1161 1661611 6161611
,1111116 6166161 1 6116111161 16111. 11111161 1111116 1116116616 1111616111,
,11116 16116116 111616 161616 66161116161611161611611611611611661111116

’ ,61616 11111616 Β616 1161661161 616166116 116111111161161611111 16

. 1161111 661661 111616161116661611616111611161116116111111 1116-
6111, 6111161616166161616166161111611611611161116116161,1611161-
6111, 16 116111611161116 1 116616 161611611611111161616. 1111111 11161661
1116116116 161661, 1111611611 616 11611661 16161, 11661 61116111. 111611-
6161111116161 166161616661 1611 16111111 6666166111, 6116116166 616, 6111,
161116 1166116161, 611111 616 1 1161666 116161 1111111161. 1111611 1611 161
1661111166116111616111111116 11116 1161116116 161 1 1616166111 11116116
1116161616116116111 1 1111616111; 6161611 116 11116111 11161 1611616 1616-
116111, 111116111116166611111111. 011666 161161 11666, 1111116111 11611116
1111611116116661116616161166611111611116116161611111-

11116611111111161111111111. 11

 

