-9999 od 9999999 9999999999 99999 999999 999999 93 999999) ‘nmop op 99999999
9999999999 999 9998999 ι99999999 9 99999999999999 99999999 ι9999999999 9999
999999 99999999 pod 99999 99999 99999999 99999 ι9999999999 9999999999 99 999
-99 99999 99999999 999999 9999 ι9999999999 9 9999999999 999 9990 99999 99
9999999 993999 999 ι9999999 9 99999 99999 999 999 (9999999 999999 999 9999999
99999999 9999 999999 9999 99999 ί99999999999999999 99999999 9999999 9999999)
9993999999 9999999 9 9999999999 99999 9999999 999999 9999 9999999999 9999 9
99999 999 9999999999 999 99999999 99999993 9 9999999999 9399999999 po 9999
9939999999 9 ι99999999 99999999 99999 9 *9999999999 9 99999 999 99999 9999999)
-99 999999 9999999999 999999999999 99 9999999 9 ι99999999 9999999999 9999
-9999 9999999999 999999 99999999 99999 999 *9999999999 9999999999999 9999999 9
99999999 99 999 99999999 999999 989999 9999 9 999999999999 ’9999999999
99 999999 999999 ι9999 999 99999999 999 999999· 9999999999 9999999999999999
9399 9999999999 9999 9999999999 (999999 999 9 9999 *99999 9 9999999999 99
99399999 999 99999 999 9999 9999999999 9399 999 999 ι999999 999999 9999999
999 999999 99999999 999 99 9999999999 999999 M 999999 9999 (99999999 999
99999 99999999 9999 9999999999 99 99 99999 99999999 od 999 699999999 999
9999 9999999999 99999 999999 9999999999ιά 9999 9999 M 9999999) 999 9999999999
99999 999 99999 999 99999399 9999999999 9999999 9999999 999 99 (9999999 99999)
9999 9999999 9999999 99999 M 999999 999 ’9999999999 999 999 9399 999999 9999)
9999 999 999999 9399999 op ι9999999 93999399 999 99999999 999 9999999999
999 99 ι9999999 99999999 9 9999999 99 999 9999999399 99999 9999 99999] op
9999999999 99999999 9 999999 9999999 9999 9 9 899999 9 9999999999 9999999999
99999 999999 9999999999 99999 M 9999999 9999999999 999 9 99999999 9999999
999999 999999 od 99999· 99999999 999999 9999999 99 ι9999999999 99999 9 999999)
-999 999999 9999 ’9999999999 9999 9999999 99999999 99999 9999999 9399999 9
99999 99999 od 9 9999999999 9999 999999999999 ι999999 93999999 (9999999999)
. 99999 9999999 99999999) 99999 9999999 9 ι999999 9 9999 9999990 99999 9 93
-9999 9999999999 99999 9999999999 99999999 mu 999999 9999999 999999 99999999
99 *9999999999 9999999 99999999 9 9993999 9 999 9999999991 *99999999399
-ο M 9999999999 9- 9999999 9999999999 9 9999999999 9 9999999999 9 99999999
999999 9999999999 M 99999 999999 99999999 999 ι93 9993999 ι999999 9 999999
-999 9999999999 ι99999999 93999999 999999 99 999 9999999999 999999 699999
-999 99999999 999 9999999999 9999999999 9999999 9 999 99999999 9999 9999999
999 699999999 999 999999 9999999 M 9999999 ’9999999992 ,,·999ι999999 A?
-np 99999 99999999 99 99999999 99999 M 9999 99999 ι999993 999999 9999999999
99 999 999939 99999999 off *9999999999 9,,999999 9999 9999999999 99999999 9 ‘Au‘
-999 9999999 9999999999 69999 999999 999( ι9999999 9999999999 9999999399999
9999999999 9 9999999 (9999999999 99999 99999 9 9999999999 99999 999 999999
-99 ι999999 99 9999 99999 9999999 ι999999 M 99999999 99999 ι9999999 999999

’8899 '²¹ ’99991999 9999999999 999

 

