132 1111111111 11111110. 111412.

111111111111111111111111110111 1111111 1 101011, 11111011111111111011

1111111111 1 1111111111 11110 terminio, 1111111011111 111 1 1011111111
11111 1111111111 111111 1111111111 1 01111111 111, 1111111111 Pol·
ski 11 1010 111 11111 10111, 1111101111 1111010 01111111111111111,1110-
11111111111111 11111111111101 111111 1101111) 1111110 11 111111111-
11111111111 101111011, 111 10 01111111 011111110111111 10111 Κ11111-
1011; Ρ11110111 111, 11 111 10110111 111111111111111 1111111111 1 11110-
11011111 011101 11011111111011 1111111111Β1111111110 111 11111111
1111111111, 11111110 1 1111011 Ρο11111111 10110111 111 1111111010 1110-
11 1 0111011111, 1 111111 11110 1111111111 1111111111111111 10 11111
110111110111, 1111 011111 11111011 11111 101111110, 1110 11111111111
1111111111111110 1 111111111111101. 1111111111 1111 101111 1110111111
111 11111111 11110111 11111Ζ11111111, 1111111 10 11 11111111 1111 1111-
11110111101. 11111010111111 111 10111111, 11110111 11111011101111111
111111111101111 11111111111111111111111111, 10111110111110-
1111111 11011 111111, 111011, 111111011011. 1111101111 11111111 11111
11111 11111 1011101011 10111 111111 11111111, 111111111111110111111111
111011 1111111111 111111111111111 0110111, 111111111011 1011111111
11111111 1111111011, 011111 1111111111 111111 101111 111 1111111111, 11
1111111011 111 11110 01101111 10 111111, 111111111110111111 111 10101-
11 1111101 1111111011 01111111011, 111111111· 1· 11011 1110111010 11-
1110111111110101111111 111111111111111 8111101111110, 111101111
Gara i 111101 11111 11110111111, 11 1111111 1111 111111 11011110111
111111 10111101 1111111111 1111111 10111111 1111111111111, 1 11101011 111
101111111111111.

111111111111111111111111111111011111111111101111111111111111 1111011 ’

1111111111 1111111111 11011 0111111011 111 1111111011 10 111111, 1011111111

111111111111111111110111110 11111111, v 0111110111 101111 10111101, 110·
111111 1 11111 1010110 11110111, 1011101110 11111110 11111110.

’1110111111 11111111 101111111111 111111011111111111111111-
1110111111111111011011111111011, 1111011111110011111,111-
11 1111111, 1011111111 1101111 steno, 1111011011 1111110110111011
1111111110,111101110111110,1110111,111111111111101111
101111110111101111111111111111111111111111111111111111-
11111 1111111101111111011. 11101 111 10 11111 11101111, 11101111
1 1111111111 11101 obu 111111111111 Polskim 111001111110101111, 10-
110111 11111001 01111111111, 11 101 1111111 1111111111 110 011111111111-

 

