111414. 1111111111 11111111. 483

gie upominki 1111111 1111111 1 1111111 11111111111. 1111111111 1111111
11111111 go 1 1111 111111, 11 111 111111 111111111 11 1111111111 111111-
111111 11111111 1· 11111 111 1111111, 1111111111 1111111111 11111111111-
1111111111111111111111111111111111111. 1111111111 111111111 11111111
11111111111 11111 1111111111 111111111111111, 1111111111 111111111 111111-
1111,11111111111111111 1111111111, 111 111111 1111111111, 1 11111111
1111111, 1111 11111111 11111 1111111111 1111111111 11111111111 1111111
11111111 1 11 1111111111 111111111111 11111111. 1111 1111111111111, mimo
111111 111111 1111111111 111111111111111111 11111111111,1111111111-
1111111111111111; 1111 Κ11111 111111111 1111111111111Ρ11111,
111 11111111 1111111111111111111. Α 11 111111111,1111111111111111111
11111111111111111 1111111, 11111 8111111111 11111 11111111 1111-
111111111111111111Κ1111111.

11111111 1111111 1111111111, 11111 11111111111111111111111111111111,1111111
1111111111νί 1111111 11111 11111111.

111111111111111 1111111111 1111111111] 11 1111111 1111111 111
111111111111111111111111111111111 11111111111 1111111 111111111. 1111-
1111111 111111 111111111111111 11111 Β111111111 111111 1111111111 11
111111 111111111111 1111111111111111 1111111 1111111111 1 Κ111-
11111 Ρ1111111. 01111111 111 1111111, 111 111111111 11111111111111111-
11111 111111 111111111, 11111111111 1111111 1111111111 1 11111111 11111-
chami, do ezego 11111111111 111 11111111111 111111 11111111111. Za 11111
1111 1111111111 1111111111111111111111 1111111111 1111111 Κ11111-
111111,811111111111111111111111111111, 11111Κ1111111111
111111111111111111111111111,11111111111111111111111111111-
11111 11111111111. Dauo im 11 111111 111111111111 1111111111111111
111111111, 1 111111111, 111 1111111111 111111 111111111 111111111111111
Β111111111, 1 1 nim 1111111111, 1111111111111 11111 11111111111111111-
11111, 1 1111111111, 1111 krolestwo Polskie 11 111111111 1111111111 11111
11111 1111111 1111111 1111111 1111111111 1111111111111 1111111111111111111-
111, 1111, 111 11111111 1111111111111111111111111 111111111, 1111111 tego
1111 11111111, 11111111 1111111111 1111111111111111111111 11111 111111111-
111111 Ρ111111 11111111 111111111111 11111111. 1111111111111111111-
kowski 1111111, 111111111111111111 1111 11111 111111 111 1111111111111
11111111111111111.111111111 11111111111111111111111 111111111; 11111111-
1111111111 1 11111, 1111111111111 111111111 111 11 Β111111 1111111111
11111 1111111, 111 111111111111 11111111. 1111111111111 11111 1111111111 11-

 

