100 ν. hymn 477. 526. 100000 syn 1111. ks. opol. 529.
100 10100048. 100000 fumun 146.
100 1101100000 301. 533. 100001 0 30010ονιο 00100. 15000. 37. 311. 367.
100 11011 (Only) 83. 131. 372. 434. 445. 460. 527. .
100 5100000 526. 1000010 3000100000, 0101000010 00100011 466.
100 05. 1001100011. 10000100 00015. 6010101. 517. 518.
100 800010 0 80110000 236. 237. 100001οψ prob. Kalis. 34.
100 (1000000101οο 236. 237. ι1000010000 1110001100ψο 36. .
100 11050110 543. 10000100 syn 10110 301010 86.
100 ob. 77101100100. 10000100 0510111011.
100 ν. 8010 24. 41. 61. 100001οψ 1400001011 248.
100 ν. 170010 24. 25. 42. 61. 62. , 100001οψ m. 5. 212. 346.
san 100001. 111011. 477. 10010100 w. 378.
100 001000οΙ1 23. 100100100 0001. 225. 463. 471.
100 05. 7000100010, 1001011000 (1000001001 m 127.
100 ν. 110001005000 346. 101100 01010101 05. 100.
100 (1000 00100. 7700. 167. 10110 05. 60101.
100, 10011001οω 00001, 10111. 00. 245. 250. 10111010 m. 605.
100, 001. Ρο010.,0100000010010000. 261, 10010005001 1000011, 1000001 3010011, dom szl.
100 5101 700001. 479. 566. 570. 145.
10010 10000000 583. 657. 10010005100 05. 770101005.
100 10 8000 582. . . 100000 05. 1001. 10000. ,
100 l. sawnus, wojew. Trocki 145. 378, 450, 480, 1000ογ0 0000. 589 - 501. 611. 612. 628. 629. 646
100 Μο10010 Peren 523. 566. 570. 572. 588. 5⁵¹² 1T⁸rsowi⁸k⁸ 36.
100 10 110000, 00101001 528. 586. 1110 104010 110110. 146.
100 5101. Ρο100. 479. 101100 w. i dw6r 1061. 1106103. 1401521711.
100 0001011 145. 178. 186190. 199. 204. 234. 293. 324. 362.
100 3101100100 145. 368. 435. 456. 482.
100 000001 08000 459. 461. 463. 469. 474 514. 4040101 2 7000100 l· 7000101011 37. 81. 82. 88.
618. · 392. 581. 585. 619.
000 110. 00. 0. Piotra w 000. 400. ’100ιο ι κοιωηγη. 189. 406.
100 1100000 534. 1010001 0101010367. 421.
100 1101000001 96. 1010001 50010 367.
100 5101 80001 (8000100010) 560. 570. 572. 573 1010001 0 1100ιο500000 00100. Κο110. 367.
574 533. 10100010 101100361319009.
100 111000(1111000010000051611. 1010001 0 6000110010 l. 60005001οΙ 2. 36. 68. 74.
100 7101100ωο105 (Woydeflomrioh) 0 mma 33. 93. 99. 279.
611. 639. 1010001 6011011131. 209. 248.
san 0000 (1000001) 616. 0οη01 0000 ι 10000100 00.
100 10000001101110 632. . 1010001 0 [01500100 146. 367.
100000 w. 203. 1010001 100100ογ 0 1100100010 114. 136. 295. 305.
100000ογ 1100110000) 667. 669. 677. 318.
100100 herb 001. 145. 1010001 0 30100 (300γή011) 5101. Ροο0. 553. 565.
1000001011010014. 20. 37. 63. 64. 74. 76. 79. 1010001 5101. 1100100100. 114.
98. 157. 312. 333. 576. 1010001 5101. 10011415. 450451.
1000001011001500. 130. 158. 220. 295. 1010001 0 310000 676.-
100000 ob. Orzechowski. 1010001600 m. 215. 237. 370. 371. 375.
100000 0 1101010100 146. 239. 269. 279. 291. 101110 berb. 001. 36. 47. 145.
100000 6000000100011 l. 60000001οη 11. 17. 42. 10111100 (0101115100) 10050 001100 93.
74. 87. 94109. 1000011 Η10011011 (10 Η10010) 33. 133.
100000 syn anim. 10. 010100 479. 1000050100 chan 70100. 203.
100000 eyn 77101. 10. 50100. 430. 100000110000 500010 001 7011 05. 1410110ογ.
10000007011010000(71105010001146164175183. 10001 10000100010010. 111. 337.
199. 216. 221. 225. 226. 242. 243. 234 291. 100ογ 31000100 10 Lit. 420.
100000 3105000101 153. 1000181000100000100 10111 606.
100000 001010 05010110. 477. 10001 0 1110000000 626.

 

