-op 030000000οἰ0οά 000000 0 0000000010 0000000000 000000οᾶ 0 000000 00000
-00 0000000οε 0000000 0000 0300 p0 ’0000000000 asos 000 00000001 00000 0 ι00000
000 00000 [00000000 00 0000000000000001 ’0000000000οᾰ 0000000000 [000000 0
003000 000000 0000 0000000000 00οΓ (000000000000000 03 0000000000 ί00000000
-00 0 000001 00000000 0000000000οκ 000 00000000 0000003000 [0000000000οἀ 0000
'es 000000ορ0 0000000 00 ’0οΓ (0000000000 0000000000 00000 0000000 00000 000000
00 000030οο0 00000 0 0000000000 0000000001 000000 ι00000 000003000 0 00000000
0000 ι00000000 00000000 000000οΙ 00 0000010000οΛοΠ 0000000 0300000000
0000000 op 000000 00000000 0 ί00000000 03000 op 000 0000 00000 000000οο0
[aa 00 ,0000000300 00000 00000 000000 0000 [000 0000οΖ 000 (0000000000οωοί
-000 0000000000 00 000 0000000000 0 0000000 0000000000 000 0 ‘0qu 03 000“
-000 0000000 000000000οε0 ί00000 000000 000000 0000000 0 0300 0300000000οΜ
0000001 0 000000 000 ι0000000 0300000000000000 0 00000 0000000 000“
00000003000100000000000001 000000 00 000003030οο0 000000 0000000 00003 zu?
0000300000οᾶ 000000 0 0000000 60000000 0000000000 00 00000 00000 (00000οβ
000000000000000 000000 000 000 os 0000 0 ι00000000 00000 Ι0000000000000 >per
[asom 0000001 00 “00000000,0“ ιο0000 00 00000000000001 00000000 ,00000000
0000001 0000000000οε 000 00000000 ί0000000 0000000 0000000000 000000 0 immam&
0000 ί00000000 000000 ί000000οΙ000 eff :151on 00003000 0000000000 »000οι6

⁸ 0000000 [0000000000 000 0000000000 000000 000 000 0 0000000000 0000 'eumer‘

-0000 mmo? :qhuofl 000οι000 000000 00 000 „mommio 3000000000οίι
-00 N 00000000 0 000 000000 ι0300000000 0000000000οΧ 00000000 0000000 000“
ι0300000000000 0000000 000 00000000 od 0000000001 000000 00 00 0000030000κ
00000 ι00010000 0300000000000000 0000000 0 000000 00000 0000000000οο 00“
000 00 00 [0000000000 00000 0000 000 0000 0000000000 0000300 00 00 00000000α
-0000 ί0οΓ000010 0000000 000 000000 ι0000 0 ί0000000 ι0000000 000 000000 ί00 0 off
0000000000 00000 ἐ30000000000 0000000 000000 000000000000000001 0 ‘'wydo“

0 000 000000 00 *0300 0000000 000000 00 0000000000 0000000001 0300 000 00000003

00000000 00 0 4030000000 0000009000 0 000000 0000000000 0000 , 0000 000)οί6
-0000 0 0000000000 0000 00000000 00 0.) ι0300 0000000 0 00000000 0000000000οᾶ 000“
ι0000000 00000 0000000 Η 0000000000 ι000000 000000 0 00000)οΫ εο00000 0000
000000 00000000 000000 ι0300000000 0000000000 000000000οι 00000000 0 00
0003000 0000 00000 ί0000000 ‘A 00000000οΗ 000000000000 (0000010 000 0
0000 0000000000 0000000000 0 00000000 0000000001 00000 ί0000000100 0000000000
-00 00 00000000 ί0000000000) 000 000000 0 00000000ορ0 0000000000 0
000000000οοοἰ 0000000 0000000 000000 ’0000000 0000100000 00000000 0000000 0000
-00000 00 0000 000000) 000 00 00 00000 0000000 ι0000000 Ι[00000 00000 (000000
000 0000 000000οᾱ [003000 od 000οΓ 0000000000 000 00 ι0000000 0 ί000000)
-00 M 00000 0 0000000000 00000000 00 00 000 000000 [00000 ι0000000000 00000000
00000000 ι0000000000 0000 0000οἆ ’0000000000 000000100000 0000000 00000000

’01οΪ ’3 ’00000000 0000000000 90

 

