1. 1431. 1111111111 11111111. 423

11111111 1111111111 1111111111, 1111· 111111 1111111 1 11111111 11111111.

111111111111111 1111 Ρ11111 1 11111111111 111111111111111-
1111111 1111111111 111 1111111111111111 111111, Ρ111111111111 1111111
Ρ11111,111111111111 1111111111111 1 1111111111111, 11111111 11111111111
111111111Ρ111111111, 1111-11111111Ρ11111 1111111111 1111111, 1 111
11111 1111111 1111111111 11 1111111, 11111 1 11111111 1111111 1111111111
111111111111111 11111111 1111111. 11111 111111 1111111 Ρ11111, 1111111111
1111111 111111111111 11111111 1111111111 11111111111 111111, 111111111111
1111111 11111111 1111111111111, 1111111 11111111111111 111111111 1111
111111, 111111111 11 111111 1111111, 1 11111111111111111111111 N. 111111,
1111111111111111, 1111111 1 11111111111111111111111111111 Ρ11111. 1111
11111111111111111111111111 11111, 111111 1111111 Κ1111111 1 111111111-
111 111111 1111111111 1 11111111 111111111; 111111, 11111111111111111
Ι1111111111, 11111111 ’1111111 1 1111111 1111111111, 1111111111 11-
111111111111, 1111111 11111 111 11 1111111 111111111. 011111111111 1111111
Β11111, 1 111111111111111111 11111111111111111ε 1111111111, 111111
111 1111 1111111 111111111, 1111111111 11111111 1111111111, 11111111111111111
1111111. 1111111 111111 1 11111111 111111111 111111 1111111 11111111111
11111111111111111111111111111111111 1111111111 1 81111111111-
111111111, 111111111111111 1111111 11111111 1111111 11111111111, 111-
11111111111111111111111 1111111 1111111111 111111ε 1 11111 111111-
1111111111111 11111111 11111 111111. 111111111 1111 111111111, 11 111-
1111 11111111 1111111111111 ’111111 11111111 11111111 1 11111111 11111111,
11111111 1111111; 111111111 11111 1 1111111, 1111111111 1111111, 111111111
1 muru i 11111111111111111, 11111111, 111 11 111111111111111 111111111-
111 11111111 111111 11111 1 111111111. 1111111111 1111111 1111111111,
111111111111111111 Ν. 111111 1111 1111111111, 111111 11111111111111111,
1111111111, 111111111111111, 1111111 1111111111. 1111 111 1111111 Ρ11111
1 11111111 1111111111 1111111111 111111 111111111 Ρ1111111111 111111 11-
1111111, 11111111111 1111111 1111111111111ε 1 111 1111111111 11111111111
1111111, 11111111111 1111111 1111 11111111 11111111111111111111 1111111
1111111111 11111 11111111. To 1111 11111111, 111111 111111, 1 1-11 11111-
1111 111111111, 111 1 1111111 1111111111111111111, 1111111111 111 11111111 111-
1111111111 11111111111, 1 1 1111111111 111 11111 111111111 1111111,
1111 1 11111 1 1111111 11111111; 1111 111 111111 111 11111 111 1111111111, 11·
111111111111Ρ111111. 11111 1 1111111111111111111 Β111 1 1111111, 11111-
11111 11111 1111111111 1 1 1111111 1 1 Bogiem. 11111 1111111111 111 1111111-
, 11111111 11111 11111111 1111111 1111111111, 111111 11111111111 1111111111111-

 

