11. 1429. 1111111111 11111111. 355

1111 11111 111111111 11 1 811111111111, 1111111111 11111111 1111111
1111111111. 1111111111 111111 1111111111111111 11111 1111111111,
1111111111111111 1111111 1 1111111111, 1111111 11 11111111111111
11111111 1 1111111111 11 1111111 11111111, 1111111111 11111111111111-
1111111111111111111111111 1111 111111111 11111111111111, 111 111-
11111111111111111111111111, 111 11111111Β111, 11111111111111 11 1111111
1111111111111111111; 111111111111 1111111111 11111111111111111; 11111
1111 111111111111111 11111111 1111111 111 11111111 1111111111111, 1111111-
zali 1111111111111111111111ε ,1111111111 1111111 1111 1111111111 1111111
,1111111 11111111, 1111111111 1111111111111111 111111; 1111111111 111111-
,1111111 11111111, 111111 1111 11111111 w 111111 11111 1111111 1 1111111,
,1111111111111 1111111 1111111111.“ 11111 111111 1111111111 1111111111
11111111111111 1 11111111111 11111111, 1111111111 11111 1 1111111111, ,
11111111111111111111 11111111, 1111 111111, 1111 111 1111111111111111
111111 111111 ioh 111111, 111111111 11111111 1 11111111 11111111, 1111111
1111111 11111111 11111111 1111111 11111 111111111111111111111111,
111111111111111111111111111111111111 11111. 1111, 111111, 11111111 ·
11111 1 1111111, 11111111 11111111111111111111111,11111111 111111111111-
11111 11111111, 11111111 1111111111111 1111 11111111 1 111111, 11111,
1111111111 11111111, 11111111 111111111 11111 111111111, 111 11 1111111-

111111 1 1111 11111111111111111111 1111111; 11111 111111111 111 11111- .

1111111111111111 1111111111, 1111111 1111111111 1111 1111111 111111,
111111111111111111111 1111111111 Alexandra 11111111 1111111111111
11111 1 1111111 11111111. (11111 1111 111111, 1111111111 1111111111 11111111
11111111111111111 1111111111, 111 111111111 11111111111111, 1111111111,
11111111 11111111, 1111111111 11111111111 1111 11111111. 1111111111111111
1111111111111111111111Β111, 11111111111, 11 1111111111 1111 1111111111
111111111111 1111111111 11111111. 1111111111 11111111111 1111111 111 1111-
1111111 111111 11111111 1 111111111, 111111 Ζ1111111111 1111111

, 1111111111 1 11111111111111 1 1111111111 1111111111 111111111

111111111111111, 111111 111111 1111 111 11111111111111111, 111 1111111-
1111111111111111111111 1111111111. 11111111 111 111 11111 1111 1111
1111111111 1111111111, 1111 111 1111111 11111111111111111111 1111111111,
11111111 11111111 11111 111111111111111 11 11111, 111 1111 111 11111
1111111111111111111111111111 1111 111111. 8111111111 1111111111 1111 1111-
111111, 1111111111 1111111 111111111111 1111111111111111111111 11-
111111111111111 11111111111111, 11111111 111111 111111 111 111 111111111,
11111111 1111 111111 111111 1111 0111111111 Β1111, 11111 11111 111111
1111111 1111111111 1111111111 111111111 111111 1111111111 11111111
1111111111 11111111 11111111111111111111, 111111 1 Β111111,111111

 

