526 ¹ 0000000100 111 0000010000. 01435.

1 100 Ρο100000011, 1101001, Ηο0001 0 Ρ1000010. 110000) ΕΙ-

1100011, 1010111000010’.100001011110111800000 00100010- 0

11, 10οΒ00000000000, 100110000001010111010101011, ’10000001
110011οο1 0100010 Κ100000011 (10101100000010), 101010 1000010
10010010, 0000000 1 000010 000001110101001010100001 Ρο0011010. 110000-
0000001000010010 1 011010010 01000001000 001000 0100011000 101 1110001010.
110110 0000011001 1001001011000010 000000 101 sie 0001010, 10 0 10100
000011010001001010 01010 100111 10 00010 1 01101100101000 001000. Za·
00100 0000010000000 00110 100010100οη0 000010 0000010 0100010000000,100
0 00100 0000111000, 1000· 1101001, 1000001011 1110011, 10101000100-
000000, 0000001011 sie, i 01011 10110 00100000010100100101001001000001030
001000 000100 1100110 00000101001, 111000 0001000011100001110010000010010-
001010 ο 101000010101010. (110 0100 00000 0001011οἰ 000όο 00000010 sie
00010000010, 1 000000 0010000ι 010000 000110 00 00000010 00010 000001, 0010-
0000010 1 Κο001000 01010 00 000101 010000111, 0 0000011 1010110 01100-
0010, 100100010001011000, 0 1110000 010 0000100011, 10110 0101000000·
000101 00000001010101 0100101010 0000101οό sie 010101 10 00010001000010,
00010100· 0000010 0 0001000010 1010100001 010 00000000 011010. 1000100001
0101010010 8100011000, 00100110110110101010101010000100810000
11000111, 111000 1011 00000011 001 0010000100οὲ11 1001100100 Polskiogo
i 00 0000011101 0000001 000000101010100010 0 0000 0000010 00100011, 01000100·
0 0100100010 Κο000000 (00000001) 00000101101100100101001000, 0101000
0001010110100100101, 0 100· 000000000, 10 0001001000 00100110 01010100010 sie
0 0100000 0101110, 11 0011 000000· 001001, 011 0110110010οΡ01011000 01-
010011 0000101000000111 001010100010100100101 0100000001 10011000, 111·
00 w 000010 01000οε1000 001010 0010000, 0 0011100 1 00000000 00100110 000-
1010 000001010. 1110 00100000 01011 00000010 010 001100 00000 0 0000000 11011
010010100, 1100001 1011001οο 101010 01 1100010110 00 0000010010 010000010-
go 0000010000; 0010111010100100 1011000110, 010100010000000 0101-
110οο 1010100ἰο 11100 010 00000011, 10110 tego, 11100 00 jej 0101100 00000
10010 Polskiego 101000010000, 1 0 01010 100001 0000110. 100100010-
10 10010110 010000, 010 00000 100111 10 00010, 0001011101 010 0101010 00
01010 1001 00001011 0 Βο001010 00000 0001011 1 0000, 0011100001 sami
01011 010 001001 01010000. 11 00000010 0100001010 Ρο0000, 1100οι0 00100-
0000100010 010 00000, 01100111 000101 0001όο 10 00000010 00 010000οο1 00-
00010010 0110110. 10101 00 00101010οἰ0 000011101 1001οο101, 0 0000110100
000000010101 0100000010 1001011000 0101000 1 0010100100οο 00111 0010000010,
11100 0 10101010 0000101000 Βο000110, 00 010000 101100100 00000 zbi-
0010000 1101000 100100011000, 0 010000 001Ροοε 00000 100001-
0010 1101000 1100011011000 001000000 000101. 100010 0110100000 hymn

 

