80101γή m. 174. (8100090010 1100110οΙ. 38. 93.
8010106011 0001101427. 81000100 m. 461. 548.
80111011 m. 187. 81000110 111. 2.
80111060 10. 123. 209. 584. 81000100 m. 214. 283. 479.
’ 8011160 w. 467. 81γο 10. 339. 414. 415. 421. 422.
8000000111 530. “ 80600010 01011110 (8060010) 78 227. 228. 290.
80161 ryc. Gz. 8. 13. 86. 48. 80. 85. 86. 8010160 m. 13. 108. 212.
8010100 m. 116. 8011010 110011 001. 5. 11. 36. 88. 145. 242. 473. 639.
80100 m. 109. 179. 189. 268. 270. 306. 80110100 8100060101 415.
80010 ob. 20110. 80019010 110001. Troe. 145.
800010 m. 401. 80090100, 11110. 145
8011 (80000000) 121.137.140. 204. 209. 229. 284. 80000 00111. 650.
459. 529. 581. 610. 628. 80101 111107.
800101 0 Μο1001γηο189. 500503 -505, 518. 538. 8000011009 1101111110 Κ1001. 24.
539. 562. 80160100 m. 4.
800101 01000010010 1101001000111 38. 103. 801601000010 362. 434.

421. 434. 445. 801600910110 ks. Lit. 200. 201. 337. 382. 385 - ¹

80050011 0001. 650. 395. 399. 400-417. 420. 422. 424. 427. 434.
mmmmm. ffifflfflfflfflffimmffl
810010100 010101 111011. Ροο11. 9. 239. 289. 318. 488. 501. 520-524. 536. 537. 557. 576.
332. 367. 402. 434. 438. 483. 505. 510. 525. 801600 0 8011010101 581.
526. 533. 558. 564. 8010010 m. i 00111. 17. 42. 74.
8101010100 010101 0 001001011 332. 801000016060111001. herb. 517. “
8100101010 0 810061010000406. 801010 810110010 111. 42.
8100101000 0 00006100010 36. 88. 801010 1800001110) 10. 175. 522.
810010100 1011110 93. 8010100011 0 100060 93.
81001010οΡ001000111110οΡ100. 308. 319. 505. 8010100011 ks. Pomor. 466. 470.
00000 mmmmm
8100101010 001110 0 1100100 421. 80101100100 (8000011000000) 00111. 513.
· 8100101010 6001 0 80001010 434. 8000 1001101· 00100060. 426.
810010100 0 001000090 580. 80100111ογ0 ob. Buda.
810010100 0 Ρ1000000 639. 80100 9610 587.
8100101ον0 0 11000000 675. 801000100016010011000 (8600001100) 530.
81001010001000. (10. 675. syon 0010. 534.
81000 01). 11101101. 80001001Ιο (800100110)110111001. 145.
8100010101 (11011900 01110) 121. 126. 128. 284. 8000100015 (800605010111) 00170100. 549.
288. 293. 800601 m. 271. 283.
81009006 (1101190001 00010001)310109’006 111. 40. 80010000 m. 171.
466. 800000 1100110οΙ. 145.
810009006 l. 8100900101). stargard. 80000100000100111. 135.
810ογ 1106 1101110οΙ. 88. 93. 323. 473. 8000000610 w. 215.
810ογ 8900 ob. 8000. 80000011 001. 001. 89. 93.
810091009 0010001010 70. 80000100 (0010105009) 111. 100111. 42. 74.
81000000 w. 378. ’ 80090600 m. 649. 650. 657. 660.
8100010 0118101011. 8001190 011. 7010000.
810100 11101. 8106101001. 128. 80100000 362. 512. 545. 631. 641.
810100 0 11009000 586. 588. 619.. 801001 255. 256. 258. 262. 324. 326. 327. 346, 352.
810100 0 800000010212. 362. 404. 456. 512. 521548. 628. 631.
810100 01116011 409. 81000100100 (800010ογ000) w. 103. 128. 288. 352.
810100 desp. Raso. 1001111. 634. 638. , 800001 m. 178. 199.
8101001. 8100010, syn Alex. wojew. 11016. 475. 800001000110111001. 37145370676.
486. 487. 501. 517. 530. 532. 801000 00111. 74. 83 1191
810100 11101. Brand. 538. 8001110 m. 97.
8100010010. 11. 8001000 (8011011100)00111. 663. 664. 666.
810000100 w. 106. 8000110 545.
81000160 w. 203. 212. 8000111009 ob. Schumberg.

 

