64441144. Plummow 248. 1441414141 (64 (114444) chor. Pom. 32.
Honryk 04446, 44144143 323. 1411444416. KiJ'ow. 567. 578.
11444114 ν. leben 93.

Η4444γΙ4 11416 282. 306. J.
Honryk 8464444114 200.

114414444144 (Ε414444144) 212. 144γ1444444γ (1444144444) 595.
1144444444 64. cylli 1. 124. 128. 1441414, 11144 145.

64444444 4101114144444414 77.103. 1464441943. 456.

64414114 4 1144144444 (1444414444) 542. 14644144, 24444 171441. 1441411] 494.

ΗΙοιγη 444135. 1441444194, 45414 711441. Jag. 147. 189. 249. 251.
1114444144 4 1144911176. 177. 266. 267. 296. 298. 299. 431. 442.
11144444 4 1149444 321. 322. 563. 581. 623. 146441941444 1444 6114444444 4441444. 1144444144.
Η14444144, 04446 74. 323.
6144144 4 34114 639. 1441444194 64144144 564.
Ι11144144 Ρ1444414 548. 14944 (119414) Ege? m. 130586.
6144144 64444444 234. 141456 4 6441446414 37. 146. 321. 323.
11144144 ν. 1041641414 (1114141444) 234. 245. 247. 141466 4 814γ14 368.
250. 141466 44416. Halia), 114.
Η4641144 1144γ6441, 144. 611. 606. 141466 6141 Ρ144.15.146. 164. 199. 221. 260. 268.
Η414444414144 1644441444, Η4γ4441444) 444 66. 68. 306.
158, 141466 4 1146114441. 1146γ14414141 71. 93. 131. 337.
Η41144644.14444. 74. 160. · 521. 522.
Η41444114 zum. 623. 141466 Ρ44414444 4 1144441444 286. 337.
Η41414441. 16414414 m. 42. 141466 Τ4441144 4 Μ14644144 453,
11444614 (Η446141 m. 141. 251. 320. 410. 446. 450. 11666 1 0⁶¹· (do (1041) 11.
Η4441414441 wil 450, 141466 414 04444414 6141. 3144141. 204. 222. 225. 226.
Η41νι444 m. 586. 227.
Η44644 m. 4 141466 119444 415.
114461444644 111. 410. 461. 141456 644444444141 415.
Η4γ614ο 6144641441441390. 411. 418 419. 462. 111466 ² Rosowa 6414141310. 415.
606613. ’ 141466 4 Ρ4446γ14 406.
Ηυ6441, 1444141611. 378 141466 1114141411 prob. 6441. 606.
Η444441441, 4444141 111. 378. 141466 4 Ρ4444441444 260.
nus, 44441 139. 169. 110. 116. 444. 141466 8411611. Ozech 543·
Η444γ41 219. 292. 295297. 307. 324. 347. 362. Mb 6116901, 61141. 145.
433. 456. 459. 615. 1441466414 (1444641144) 170. 176.

Η444144141414 1441444 68. 141466 044644 (caudeo) 623.
snkubow1eo w. 413.

1, 1414644411 64464 11514 62.
1444 4 Τ44444ν4 wojew. 6441. 9. 22. 37. 72. 123.

19144441. Nowa 44146126. 533. 584. 146. 179. 187. 202. 221. 243. 254. 257. 282.
11ςί 1111191) m. 227. 284 291. 322. 344. 353. 356. 357. 367. 412.
1114 m. 2. 108. 236. 293. 435. 441. 515.
'mmm ob. 04411411, 1444 4 Τ4444ν44 64464 1411444 639.
ΙηιηιῃοψΙος w, i kl 176 6111 Κ101111170 6301101. 6136. 6676064. 1116116146
Ιη11444144γ4γ 42. 79. 425. 461. 511. 520. 521. 153. 164. 199. 202. 221. 260.
144114441γ461.1444 Ρ4114 4111441444γ,6141.171441.155260268.
14441464165. 270 288. 323. ,
1444444144 4444. im. 12. 87. 88. 92. 95. 97. 99. 144 3444444411 44416. Lwow. 117. 146. 181. 187.

102. 113. 199. 242. 268. 270. 423. 190. 193. 295. 310. 529.
141444614414411444444414161414.Κ441.675.
144444 64444444411 1444144 111. 202. 1444 4 Sprowy ryc. pol. 36. 367.
iwan 0444144γ4141 ku. Lit. 574. 603. 609. 14η 4 Ρ114γ, syn Winc. z Granowa 238. 530. 657.
iwan 46. 1444. 1444 8441444144 414444γ4, 6141. 131441. 286. 296.
1444444144 Μ441ν416444144444. 480. 323. 337. 379. 400. 434. 433. 441. 475.
144444144Ρ44γ414114 114141γή4141 445.

2

 

