 

ι 111 111111111111111111131111111 111111111111111111111 ,1111111111
13 1111 1 1111111 111 11111113 111111111111111 111111 11111111 1111111(ί
111111, 1111111111 1111111 113111 1111111111 1111111 1111111 111113*
” 1111 ί1111111111111111 1 1111111111 111 1111111111 1111111111113111111
1111111111111111111 1111111111 1111111111 111111111 (1111111111 11111111*
*13111111111111111 1131111111 111111 1111 11111111 111 1111111 1 111“
1111111111 1 11111111 111131111111111 1111 1111111111· 1111111111 11111“
-11111 1311111111111111 111111111111111 1 11111111111111111111 111· ε1111
1 1111 111111111111 111 111 1111111 1111131111 1111111 111111 1111111111
Ξ ί11111111 11111113 1 111111 1113111111 113111 111 ι1111111111 11
-11111111111111 1111111111111111 11131 1111111 1 1111111111 1111111111111
1311111111 1 11111111111111111111 111111 1111111111 11111111

’1ῙΙῙΙΙΙῘ 1111 mm umfflfl 1111111111 mmm

1111111131 1 11111111 ι1111111111 11 1111111 1 1111111111111111111111
111111111111111111 11111131 11111111111111111 1 11111111 13111 11111
11111111111111 ι13111111111111 1111111 11 111111 1111111111 111111 111111·
-11 111111111111111111 1111111 1111111 1 131111111311111111111111 111111
1111111111 1 1111 13111111111111111“ 11111111 11 11111 ι111111 1 111111
-11 1111111 1111111 ι111111 111111 111111 1111111111 11 11111111111111111
-111311111111113111111 1 1111111 111111 1111111111111 1111111111 ’1
1111111111 111111111 113 1 ξ1111111 1111 1111111111 11111111111111111
-11111 1111111111 11111111111111111111111111 111111111 11111 131111 1111
-111 1 ι1111111111 1111111111 111111 11111111 1111111111 111111 1111 1111111111
-111 1 11111111111111111 ι1111111 111 11111111 11111111111111111 1111111111
’11111111111111 111 111 1111111111 1311 11111 1111111111 11 ι1111111111 11111
111*111111111111 1111 11111 ι1111111 1111 1111 1111111 111111111111111
-11111111111111 1111111 11111111111111111 11 1111111 ί11111111111111 1111
11111111 1 1111111111 1111111111111111 ι11111111111111111 111111131111
111111111111 1 1111111 1 1111111 1111111111111131111111111111
-11111 1111111 11111 1111 1111111111· 1111 11111111111111111111111
111 1111111111111111311111 11111 1111111 1311111111 11111 1111111
1111111111 11 111 11111 111111111111 11111111 1111111111 1 1111111111111
111111 1 ι1111111311 1111111111 1111111131 1111 11111 1111111111111111
1111 ι1111111111111111111 1111111111 1111 11111111 ι1111111111 1
1111111111(11111111111111 1111111311 ι1111111111
*1111111111111111111 *11111111111111111111 611111113111111111 ’
11111111111111111111111(111111111111111111111111 ι11111111

1111111 ’1111111111111 1111111111 869

 

