230 6611666666 66666666. 614211

,6661661 6661666161666666 1666, 6666161611. K. 11. 616 16116616 666-
,66161166 61666 1616661166, 61666 66666 616661661616 66666616 666161666-
,166 1161661666 66616 1111. 116116, 16116 666166 1161161666666666, 6666-
,6661 6161 616 16 6666661666611666, 6161616 16666 16661 16116 6666
,116666 616 616166 61616161, 16 166616, 1116166166 1611161611,
„ma 6 6166666 6666666 66161661666, 1116661 66616616 6666 61 16 666666
,166661166166 616 6666, 6166161666 666611166166. 116116, 6666661166

,166666616666 11116 666666666166 66661666, 16 66 661666 Κο66166666-

· ,6116666666 Pana 666666, 16116 161611666, 666616 61666666616166

,6666 1166161666 66666116166 6661666116161666, 1 616666666 6616616 6666166-
,661666 ; 6166166161661661 161666 6 166 661666 6661166161, 661 6111616166·
,661 66661616 16 66666, 616161166666611616616 66616616 161666, 66-
,1161616 1611666116 61666166 16116 661 6166666616116616616666666. Wzy-
,66661166161Ρ666616, 16666161666661611 Polski‚ 6161616166ιηί 666116

= ,1666661 616 66 66611616 61666616 66661161 616 61616 6 6166616 1616611,

,6661616 66161666 66166666, 616616 sam 666166616161616 616611, 66666·
,166666 666611661661666161661666161 666161. Α 11616 66611616 6 16 66
,66661161 616 6661616666 166666 66666 6666161 616 6 1616 6 Κ66666661,
,1 6161166616666 6161616161 661616 6 666616 6666 6 Κ66161661, 666 61
,616166 616 6616 6166611, 1616 661111. Κ. M. 6661666 66 1166616116, 16
,166116 6666616111 66166, 6666611611 66166666 6611 661661666161 616 Kro-
,1661 Ρ666 66666666 66661666, 16 161616116161666 66666161 6616161166-
,16116 1 16661 1666 666166 1166666616666666 1116166166661 1611661
,1616116666 666116166 666616 nim 61666666 666666, 6 16 1616661616
,61166666 1 1616 1661 611616166 66666 6661666666, 16 Ρ666616 1116166166
„krol Polski 6616661 6616616616616 6166666, 166616611666 16116 6666-
,666116 66666 1661166166, ’1116616666 3666616, 61616 116666 11611. 1111-
,16116 666161616 6 66661166 66 666666 Ρ66616 6666 1666 1611166166
,Ρ61611666 6666666161, 1 666616 16666 616616 661 16116 16666161 66-
“ ,1661666166166661 16 6666161, 1111. 116116, 61666666 66166 66661666,
,616161166666666 66611616] 61616161 1611661, 616 66116, 11616 6 11666166
, ,66661166 6161661 66 66616661 61661 61666666616161166, 6666666 66666616-
,666 6616111, 6611666 1616116 161 166111 66161 61616116 16 616616, 61
,1116616661661611 61616161, 166611666 161616 666666616666 1 6161666
,66166161 6616 6666666 6161616166 66161666666 6616, 16 1116666 6666 616 66-
,6166666161 66116 66 6666161666 66666666. 116 61161 16666 1 6666666, 16 ,
,66661116 66661661, 66116 61 666611, 66 6166666, 616 6616616 6666661616
,1 6666666616, 1666616 16116 66161666666 666616611616666. 116161-
,616616 6661666616 11666616166666 Pan 6616, 11161661661611161611,
,1666661616 6666666, 16 61616 6161 616 161 66 661 666666161616666666 66116

 

 

