11419. 1111111111 1111111111. 205

11111111 111111 Ρ111111 1111111, 11111 11111 1111111111 11111111
11111 1111111111111111111 111111, 1 1111111111 11111 111111111111111-
11111111111111 1111111111 111111 11111 11111111111, 11111111 111 11111
1111111111, 111 11111111 11111111 1111111111Ρ111, 111111111111111 1111-
sauia 11111111 1111111111111111. 11111111 1111111111111 1 1111111-
11111 11 11111111, 11111111 1111111 111 111111 11111111, 11111111 111- ·
111 1111111 11111111111111111 111111 1 1111111 111111, 11111111111111
1111111 1 1111111111 11111111 1 11111111,11111 11111 11111 11111111111,
11111111111111111111 11111111111111 1 111111 1111111111. Po 111111111-
niu i 11111111111111 1111111111 11111 11111111111, 11 1111111 1111111111 ’
111 1111111, 11111111 1 111111111111111111111111111111 1111111111111111-
111111Κ111111111 (111 11111111, 111 111111 11111 111 111111 11111) 111111111-
111111 1111111111111 111111 1111111111 111111 Polskiego, 111 11111-
chunia Jego 111111, 111 11111111111 111 11 111111111, 1111111 1111111,
111111111111111 11 8111111 1111111 111111111111111Κ111111111, 111111111
1111111 1111111111. 0111 1111111111 11111 111111 11111111, 1111111111111
1111111111 111111 1111111111 1111111, 1 1111111, 1111111 1111111111, 111111
ku nim 1111111 11111111 1111111111. ,
,1111111111 01111. 0111111111 1111111111 1111111111ώοί 11111111111
,11111111 1 1111111 1111111111 11111 1 11111111111111111 Ρ11111111,
,11 11111 11111111111111111 Ρ11111, 1111111 111111111111 111111 1111111
,111 1111111111 1111111 1111 1111111, 1 1111111111 1111, 1111111 111111111
,1111111111 1111111111111. 1111111 1111111, 01111 111111111111, 111111111111-
,111111 111111 11, 11 111111 11111111111111111111, 1 1111111111 11111111,
,11 1111111111 111111111οὲ1 1111 1111111111, 11111111111111111111111, 11
,1111111111Ρ1111111 8111111, 111111111111111 11111 111111, 11111 11111
,111111111111 111111 1111111111111111, 111111111 111 1111111111, 111111
,1111111 11111 111111 1111111 111111, 1111111 11, 11111 1111111111111, 1111
,111111111111111, 11 1111111111 11111 1111111111 111111111 1111111111111
,1111111111 111111. 00 1 1111 111111111111111 111111111111111111111111111,
,111111 111111 1111111 1111111 11111111 1111111111111111111, 1111111111
,111111111; 111111111111111 1111111 1111111111 1111111111111111, 11111111
,111Κ11111111111111111111111111111 11111 11111111111111, 11111 po· '
,111111 111111. Α 1111 11 111111 11111111111111 111111111111111, 1111

,111111 811111111111 1 1111 111111 11111111111111111, 11111111111111111
,111111 11111 11 111111 1111111111, 111 11111111111111111111111111111111-
,111111111111 111111111111 11111. 1111111 111 11111111, 111111 11111111 111
,111111111111111111111111 111 11111111111111111, 1111111111 111111111-
,1111 1111111111111111 11 ,111 111111, 11111111 11 11111111111111111111
,11111111 1111111111 1 1111111111 1 111111111111111 1111111111 1 1111111- “

 

