0000000ος 0000000000000 (0000000000) 00000 00000000 00000000 00000000 00000000
0000000000 00 0 9000000 00000000 000000ίο 0000000 0000000 00 ι0000000000
0000000 00000000000000 0000000) 00000000 00 00000000 0000) 00000000
-000 0000000000 000000 0000 0 0000000 00000) 000000 00 0 00 ι0000000000οΖ ’000
-0000 0 00000000 0000000000 00000000 0000000000 0 00000000 0000 00000 00000000 00000
ι000000000 ἐο000000000 0000000000 00 00000 0000 00000000000000 0 00000000000
0000000000 0000 000000000000 00000000 0 000 00000000000 0000000 0000000 00
-00 0 0000000000 0000) 000000 ’0000000 0000000000 ι000 0 00000 000 0000000
0000000000 00000 000000 00000000 000000 ’000000 0 00000 po 00000300 ‘om
-0000 0 0000000000οἰ 0000 0000000 ι000000 00000 000 0000000 0000000000 0000000000000 ,
00 0000000000οο0 (0000000000 0 0000 000000 000000000000 0000 ί000000 00000
-000 00000 000000 000000 000000 000 0000 00000 000000 ι00000000 000000) 000 0000
-000 *000000 000000 00000 ’00000000 0000000000 000) 00000000 0000000 0000000000 00
00 0000000 000 0 ι00000 00 00000 00000000 op 00 0000000 ι000000 000 0000000 0
000 0000000 0000 0 00000 0 0000) 0000 00000000 0000000 1000000 00000 0000000000
0000000000 00000 ι0000 00000000 000 00 0000000000 ι00000000 op 00000 0000000

’ ι00000000 000000 000 0000ος 0000000000 00000 00 00000 00000000 0 00000 0 0000

00000000 0000000000 0 0 00000 000 0 0 00 ι0000000000 0000 000 ι000000 op 0000
-00000 0000000000 0 0000000000 0000 000000 000000 000000 000000 0 0000000000 0
0000000 00000000 000) ’0000000 (00000000) 0 0000000000 000000 0300000
000000 0000 000000 ι0000 0000000000 00000 0 0000000000 (0000000000 00000000
000 000000 0 000 0000000 0000000 0 00000 0000000000 ι0000000000οΙ 000 00000
-00 000000 0 (000000 0 0000000 00000000 000 00000 (00300 0000000000 0 000000
-00000 00 0000000000 000000 0000000000 0000) 00000000) op 110 00000000 000000
00 0000 000 000000000000 00000000 00 0000000000 0 00000000 0 0000000000 (00000000
-000 0000 00000 0 0000000000 ι000000000000000 Δ00 000300 0000000000000 000000)
-000 0000000 00000000 000 0000 00000 0000000000 000000 000000 00 0000000 0000
- 00000000 00000000 po 000 0000000 0000000000 0000000 0000000000ου 0 0000000 000
-0000000 po 00000 000000 000000 00000 (0000000000 0300000000 00000 0000000000
od 0 000000000οη0 00000000 0 00000000) 0000 0000000000000000 0000 0000000000
-000 0 0000000 00000000οο0 0 00000000 0000000 0000000 00000 0000000000000000 00
0000000 0000000000 ι0000000 0000000000 000000 0000000000 00000000 00 00 00000000
000 0000000 00000000 0000000000 0000 0 ι00000000 0 00000 0000000 0000000 00000
00 0000000000 ι00030000000000 000 00000) 00000 000000 0 0000000000 0 000000
ι000000 000000000 0000 0 (00000000 0000 000000 0000 0000000 00 (00000300 0000000000

ι00000000 00000 00000000 M ‘gmopoqovz 000 000 00000000 000000 000 0000)

’0000 0 000000 0000000 000000 000000 00 ’0000000000 00000000 0000 ’0000000000
-00 00 00 00000 00000000 00000 0 ’0000000 00 00000000 00000000 00000000 0000 ’

’60 , 00000000 0000000000 mn 00

 

