456 0080008800 00000800. 81433.

1
1
1

11000001 001 1001101000100100011000 0110800001 110011 000100ιο 010ιί0 ῗ

1010010.

1101010001000 0108100811008, 000810 1181000110 1 1810000001 Sie-
001, 00100100 Ρο01008 1801808, 11100 108000] 0081810 110808, 0180-
000080010 8010018, 000010810 po kraju 1001081001000010. 8081110 11880100
0001001100 1000100100, 0001800000800 001000ι 0101001οἰ 0100800 10101001,
11100 0100101, 010101018 S. J 010108, 0810080800 100000 1 01001008 00100-
010, 1110100 0810 11080100101008100000. 1010100101 11880100101080, 0010818
11100001, Ρο008011, 1101100, 80081080010 00811010, 0000101001000.
111080181οο 018810 01010100, 000081088000110101008108 080810, 0100 810
018810 010 1081810 0 Ι0000 0100000000101, 8801 jo 0010081111, 800010108οἰ
1101011801 800001 0010111 10 110001801οε 810 Ηο88001 08111001800
000811100100, 1080000011 010110 01010000 0 00088801 10000101, 11100010 110
08010101 010111 010101008010 0810010 8010010 000011.

non rui-11¹ nm.

111010 101000 0800018010 010 0 0010010 00000 1000181000, 0000100010 00010100
01001000 1000100011000,1000000000000010010 10 0010000 000110, v 0010
081000000180010001101 0010001001 00100.

101018 1800100018 Ρο0811000 1118108180 1011 0101001011 0 110810-
018, 0 00000 101 11118081010010001 0081801 1 0000010 0000000811 810 0010010
0100810001, 00008110 0100001100·οο 100111 00010000181018080· 0 Κο001818001 Pru-
811001 00000, 11100 po 0001010 1010000000 810 0 101000 S. 1808 1100001-
01010 00000000 08 0000 0000000001 0081000011, 1 0801000100180180818101010
081810 00811110, 010 10101800000010008101010001 00080 8001010081810 010
000011. Α 1010 01100 10 10000 000001000οο 0010, 001001000 0010810 010101
018010880100010000 00 110101010 10000 00810, 8 0 11000100 00108010
081010 1011810100 00000 00008101 1 08008110 jak 08101010 000000001011. 11011
1110108180 081100 00080180800 0 Κο81008, 00080 11008 0018810
1 1000 0000810011. 0181 810 10 1011010 1 1000 0800810 0000001011. Ρο 0800-
818010, 000110 10000 00 1118101010 10000 postu 0000108110 88010010008.
’101000 1011008101111011 0000000001 1010100 0008818100, 00001010 01 8010000
Β800100811000, 11 0 0101010 Β800101 001 00010 11000ιο 10100100
0000000010οο, 11100 101101180 10 (1808001018, 18010081 108100 101.
80101000 101018, 0010 10081 1101100100810181101, 0118001081 08-

 

