xv1

9111111111 m. 192. 9111161 Luna 151919. 107. 148. 183. 187. 190.
9111111γ618. 11111111588. 645. 191. 193. 201.
9119611 1111. 109. ’ 91111 61111111 63.
91111111 m. 1. 140. 145. 173. 178. 284. 287. 376. 911118111191 100.
422. 434. 435. 91111 0151111111 83. 181.
91111 m. 183. 91111 1 Widawy 146. 403.
91111191 (91111111) 9111111 11. 78. 160. 91111 1 Tun 146.
91111111 389. 91111 1111111111 321. 403.
9111115111. 1111111111390. 91111 0111111111 74 85. 267.
911111 1 111111 491. ¹ 911111 111111ὶωί1611 93. 181. 297. 303. 421.
911111 1111111111 1 811111 (81111) 571. 381. 91111 Μ116111116111 15. 91111 1 1711611111-
838. 6111.
911111 81116111152. 185. 290. 295. 306. 310. 811. 91111 11 8111111111 321. 581. 638
373. 376. 409. 423426. 434 444. 447. 457. 91111 117161 51151 06111191 929. 531. 621.
468. 522. 523. 528. 9111151111. 51511 538
911111 11161111 1811111111 36. 91111 111991 73.
9111111 819111111οωὶ1 146. 385. 367. 911111111111111911170.
9111111 0151111111 1 811111 533. 91111 15. Korcborg.
911111 1 1171111161111 73. 91111 ν. 111111 (sak, 8111115111. Κ115111. 274275
9111111191 1Ν116111111111 (7116111111) 1531222. 9111111γ1111111 (1111111) 91. 93. 400. 581.
260. 524. 911119111611111111 10511511111115. 113.
911111 111111οή111 415. 91111 111111 118.
911111 1111111111 616. 911111 8111111111 638.
911111011511115111 011111. 675. 9111111111111111111 639.
9111111 1111111 (6111111111) 107. 91111· 1111199116, 11111. 145.
911111 1111111111, 171111. 280. 91111· 111111γ9116111111576. 606.
911111 1111111111, 1799. 657. 91111 Α191111 811611915 245. 250. 406.
919111 w. 1 kl. 466. 470. 91111 1116111111 419.
9119191111 m. 192. Ι 91111 911111 (911911) 327. 362. 527. 580. 582.
91111 m. 587. 91111 1 1111511191 archid. 141111. 323. Ι
9111111 111119911111111111 450. 91111 5111. 1111116111 (0111611115) 857.
9111111 1111. 863 - 686. 91111 1911γ111 1 1911111111 803. 804
91111161 (91111)11. 598. 911111 1111119111 676.
9111111111 1111111 nrm. 24. 41. 91111 1191, 7799. 372.
91111111. 562. 563. 9111111811 m. 215. 508. 517. 518. 535. 559. 832.
9111111 635. 857.
919611111111116111111) w. 111 518. 91111161 w. 530.
91111151111115111. 145. 308. 9191 911111111γ11 133. 259.
9111116 243. 91911 6101111 188. “
9111161111 218. 243. 9111111 m. 107.
91111 m. i 1111. 188. 91111111 111111. 11. 2111111111 3.
911111 m. 5. 165. 217. 219. 248. 513. 9111116111 1111. 74.
91111 111111 5111. 11111. 136. 140. 146155192. 91111111. 15. 312.
242. 91111111 (9111191191) 11115111 839.
911115111. 7711. 181. 198. 202. 91111111111 15. 8111111 1 9111191111
911118111111111 1911111111 811111 23. 37. 65. 91511611111 m. 102. 199. 214 271.
95. 96. 102. 106. 119. 313. 387. 414. 419 91519 (915111) herb. 111. 145.
460. 473. 476. 509. 517. 641. 9111111 (1111111911. 130.
911111 81111 367. 442. 9169116111 w. 584. 826.
91111181111111 387. 9111111111 m. 204. 818. 824. 625.
911111 09111111 468. 91611111 11111115. 37. 113. 122. 128. 390- 392.
911111 171111111119 146. 402. 409. 411 416. 427. 446. 448. 451. 478.
91111911111111 153. 481. 507. 549. 580. 892.
91111111611111111 (1116156111) 48. 9111119111 ([1911111119) m. i 1111. 73.
91111 1 01111119 73. 85. 911991 m. 310. 811.

 

