472 1111111111 11111111. 1. 1433. ³

111111 1 111111 1111111111 1111111111 1 panon] Polskim, 11 1111111 11111
111111 111111 111111 11111111111111111 1111111111. oi, 111111111111111-
11111 sie, 11 to 1111111111 1111 ich 111111 1 1111111, 1111111111 1111111, ,11
,3111111111111 1111 11111111111, 1111 111111111111111111111111111111
,1111111 111 111111111111 1111111111 1111111 11111111 11111111 111 11111111
,111111 1111111111 111111 11111111 11111111 111111 Κ1111111111111111111111
11111111111111 1 1111111111 1111111111 1111111, 11111 po 11111 1111111111·
1111111111 1111111111; 11111111, ,1111 111111 11111111 1111111111 Pol-
,11111 1111111111111 11111 1111111 11 do 111111111111 ’.1111111 Κ1111.“ Ρο-
11111, ,1111 11 (111111 S. 11111111111111111111 do Β1111111, 1 na 111
,1111111οηί11 11111 1111 1111111111111111.“ Po 1111111, ,1111 11111111 1(er-
,11111111 111111 1111111 11111111 1 111111 uago, 1 (111111 1111111111111111
,111111 111 111 1111111111 111111, 1 11111, 1111111111) 1111111111, pod 111·
,11111111 1111111111 111 11 111111 ’1111111 111111, 111111111111111111 Β111-
,11111, 11111111111111111111111111 1111111111111111111111111-
,11111111111111111111111.1 1111111111111111111111111111111111,11 Κ111-
1111 111 1 111111 1111111111 (11111111, 111 111111 11111 1111 (11111 111
1111111111 1 11111111 1111111,Ι 1 111111111111111111111111111111 Ρ1111111111
1111111 11111111; 11111111111111111111111 1 11111 1111 11111111 1 11111
1111111111, 11 11111111 111 111111 1111111 11 1111111111 Ρ11111111 1111111
od 11111111, 11111 1111111 1 111111 111111111111, 1 1111111111 11 11111
J 11111111 1 11 111111111111 11111111111111, 111111 111 11111111 hylo do
111111111111, 1 1111111111 Ρ111111 1111111111 1111 1111111111 do 111111. 1111
1111111 11111 1111111111, 111 (111111 1 111 111111 11111111111111111 111111-
1111 1111, 1111111 1111111111, 111111111111 ioh 1111111111111111111 11111-
11111, 11111111 11111Ρ1111111111 111111 1111111111 11111111111111, do
11111111 111111 Polskie 111 1111111111 11111111, 11 111111 1111111 111111-
11 1 11111111. Po 11111111 1111 11111111 1111111, 111111111111111111111111,
1111111111, 111111111111 111111 1111111111111111Ρ1111111111 111111
1111 1 1111111111, 1111111 Polskie 1111111111111111 11111 111111 do 111111,
111111 11111111111111111111111111111111111111111111Κ1111111111·
1ο 111111111111 111111111111; 1111111111111111111111111111 1111111111·
11 1 11111 1111111 111111111111111111111111, 1 1111111 111111 11111111 1111111111
1111111111, 11111111111111 1111 1111111111 1111111 1111111111 1 11111111.
(1111111111111111111Β1111111111 1111111111 do (111111 11111111 1111-
11, 11111111111111. 1111111111 11111111 1 1111111111 (11111111 1111 1 (1111-
1111 111111 11111111 11111111 ku Ρ1111111, (11111111 11111 1111111111
11111111 11111111, 1111 11111111111111111111 11111111. 1111111111 to 111 nie
111111 11111111 111111111111, tego 111111111, 11111 11111 11111111 111111
1111111111, 11 1111111111 Ρ1111111 1111 111111111111111111111111111111

 

