111421. 1111111111 11111111. 213

,111 1 1111111111 111111 11111111 111 111 1111111111 1 111111111111111111.
,11111111 11111, 11 1111111111111111111111 11111 1111111111111 111-
,111111 1111111111111111111, 1111 1111111 1111111111111111111111111
,111111111111111111 1111111 11111111 1111111111 1111 111111111111 1111111
„i 111111 1111111 1 1111111111 Polskiemu3 11111111 11111Κ111111111,
„i 11111 Β11111111 XII, 11111111 1111111 1111111 11111111 11111111
,11111111111111Κ1111111111110111111111111, 1111111111
,111111 1111111111111111111 11111111 1311111111 1111111111 111111,
,1111 111111 11111 1111111111“. 111111 1111111111111111 1111111111
11111 Polskiego i jego 111111 ,11111 1111111, 111111111111111111111-
,111111 111111, 1111111111 1 1111111111 1111111 111111 111111 1111111111
,1 111111 11111 1 1111111111 1111111111 111 11111 111111111 11111111-

,111111 11111 1111111111 1 111111111111111111111 111111111,11111111111 ἱ

,11111 1 1111111111, 11111 111111111111111111111 1 11111111111111111111,
,11 1111111111 11111 1111111111111111111 111111 111 111111111111 111
,1 1111111111, 111 111 1111111 na 1111111111 11111 111 1111111111, 11111
,1111 1111 11111 11111111.“ 1111111 1111111, 11111111Κ11111111
1Ν11111111 11111111 1111111111, 1 1111111111 11111, 11111111111111111111
1111111 11111111111111111111 111111 11111 11111Ρ11111111, 1111-
11111111111111, 1111111111 1111, 1111111, 111111111111111111 1111111
1111111111111111111 1111111111, 1111111 1111111111 111111111111111111,
111111111111111111111 111111 11 1111 1111111, i 1111111 1111 111
1111111111. ’11111111111111 1111111111 111111 111111 11111 Ρ11111111, 111-
111 111 1111111111 11111 1111111111111111 11111 111111 1111111, 1111111111
11111111111111111111111111111 1111111111 11111 1111111 1111111 111111·
111 1111 1111111 11111111 1111111111 1111111 111111, 111111 1 1111
1111111111 11111 1111111111111 11 111111111111 1 11 11 11111111111111
11111111111, 1 11111 11 11111111111111111, 111 111111111 11111 111111-
111111 11111111111111111111111. 11111 1111 11111111, 1 111111 11111111
1 1111111111 1111111111111111111 1111111111, 1111111111 11 111111111111111
1111111111 111111 1111111111111111111111,1111 11111 11111 11111111
1 1111111111 111111111111 11111, 11111 11111111 11111111111111111111-
1111111Ρ1111111, 1111111111 1111111 Κ11111111 11111 Ρ111111111
11111 Κ111111111 11111 111111111, 111111111111111111111111111111
11111111 1 111 1111111 1111111111 11111111111111111111111111111,
11111 1111111111, Ι 11 111 111111 11111111 111 111 11111111, 111111 111 1111
1111111111 1 1111111111 1 111111111111, 111111111111 1111 1111111, 11111
111111 1111111111 111111 1111111111 1111111. 111111 11111 1111111111 11
1111111111 1111, 1 11111 11111 111111 111111111111111 11111111 11111111οέ1
111 1111111111 1111 1111111, 1111111 1111111 11111111 1111111111 111111,

 

