-9222 9299222992 29922929 929292 22222 (9292292922292992 9992922992
9929 92 292 ι929229992222 92929222 929 ’92292222 (9992222 2
99 f 222 9999929 2992922922 29999292222 9299292 9299229292 922992 ’

-922 92292 2 22929 29299 92 ι9222 99292 9222 »22999392 22292 2929222999ί
92929 92292 9299992222 9229222 92 99299299 92 2292922 2 29922922 92992
-92 2 99299322 9 ι2292929 922 22229 292999299222 9 2929299922 (2922922922
222292 2939929299 ι2292229 2222929 22929229 29929229 929922 92999929 922
22222 ι9292 922292 299929299222 99299 2 ι9299292992 2919 (922999 9992 292999 9“

(92222 92 22292 ι2922999929 92299222 92229292 922929 99 9222929 92 299229α
2929292929929 929992 9929929 2222 9 29222299 9222 22292 2929229 92 922929(
-92229929 292929 929 292 2292292299 29922 292992 99299299229 2 2929229
-992222 99299292 922922 2992 929922 92 2 29992229 9292292 2992292 9929(

2922292292 92299 929292929229 22222 ι2929922 229222 2999292 292“ 9292922929 ·

-29292 92992 2 99 99229992 ι92929929292222 2 2 9229292929 (22929 2929929392
2929229292 92999 2292 9222929 2 9222292292 92929 22 29299292 92 29999 ‘nm
9222999222 9299229292 9929222929 (2992292222 29922992922 2229992992
922292 2999222929 92 229929 29292 29222292 29992 92299 99222929 929 ’2999229929
22222 2929229 Ζ 9299229992 222992 99 29999 292929 299 2922929922 929 2922

-222 929 9929929229 2 929299292929 2 222929 292292 992 292292 2929292291 922 .

2929929929 2 29922 Ι22292 (99293222 922 299292 9229292929 92 9292299222
299 222 9292929299 29222 (9992299929222 2992922922 29999295222
292929 9229229 2 22922 229 (292992 9292 2222292222 9292292929 92 22292 929
2222 (9292922 292 929 2299229299 2999 29929922 2929292 2 922929 2229992292
229 9292299929222 92999299 9999992 2 9992 2292222 929292 222
29992922] 22229292 9292292999 9 (9222929992 2292292992 2292929292 2 92299
92922 92292 99292292929 22292 92 2929 9 9292292292 929992 (299292 2 2299929
292999 992 92992929 2 ι92229292 992222 9999292292 22 922999 2929299922 2
2292922 2 929 92999292929 92292929 292229 9 ί299292 929922292292 292292
9929292 922929 29 2929229 2 9292992222 992999 9292299292 292992 ί2229292
92 9292222 2 922922 (92299922 2929922929292 29292 2999299 2 2292 2299929
-9299 9992922 2992 9992299229 222 99992229 229222 922922 M 9299222292 9992
29292999 ί2299922992 2222 299292 2292 229929222929929 2 22992929 9292 22222
2229929292 2929229222 929929 2 22999 2 2929299229 292 2922292 229 ι9992929299
9292922 22922929 222 2 999292 922992 92 2922 2292992929222 99 99 2929929
2299992222929 999222 2 9292999 929 2292 292 99292292 M 929292 292922
-29 9222 222992 2992229 2922 99 929292929929 2929222 92292 ι922 992929229222
ι999929229222 9292222 2 22229292 2922922299 292 929 292929 ι2299992922
2929292 2299299292 229 ι9922929292 2 2 92299 22922929 9 29929 2229929292

22922929 922922 M 229 2292999922 ’2929222921 9299292929 29222929 9 2929 ι922 .

-93 92 2922 93999299 2929292922) 92292 9229292 29292222 2 *9222922

22222 ·9 ’92292992 9999299222 922

 

