ΧΠ

151515555155 ιι. 1 11. 176. 1561 ιιι. 164.
115151 ιιι. 66. &offenburg m. 171. 191.

115515ιοὶ515· 51. 1155115515151. 15151515 115515 96. 141 304. 411. 462. 548. 562.
1155151, 1115. 378. 151151 mlyn i ιιιιιι. 162. 224. 281. ffl- 285. 310.
15155515 1151515 32. 36. 95. 102. 279. 423-425, 311. 313. 914.

429. 658. 151115 ιιι. 1 1515. 1. 7. 66 135. 138. 145. 178 253.
115565 ιιι. 108. · 284. 292. 304. 375. 434 435. 445. 451. 482.
1155151551 51. 7 ιιι de Conradivilla. 495. 496. 606.

,1155155455 461. 151115γ ιι. 548.
1111555511 111515 116. 15155 15151534.
,11555555515105 151551515 ιιι. 1. 14. 113.
15151511 1515. 74. . 1515515 ιιι. 204. 288. 571. 810. 616.
15155 ιιι 248 301. , 15155515 ιιι. 1. 113. 175. 186. 251. 287. 311. 346.
1151551555 (0511551 1555155) ιιι. 258. 259. 15155 w. 378
11511155 ιιι. 83 15155 ιιι. 272. 273.
1515515 51204. 210. 566. 625.
4 1... 15155515 ιιι. 121. 123. 124.
1515515 115515. 251.
155115 65 1155555135. 158. 15155115 1151555155 538.
155115555, 7155. 588. 151551 11. 456.
15551551 1 1155155555 263. 155γά 1511 305.
15511551 ιι. 568. 15615515 (1551551555, 1515515555) ιιι. 21. 2126.
155155 mista Infl. 179. 272.
15551551 w. 133. 151511 115515 (1151511 11555151) 224.
155551555151 91515. 39. 156511 11. qu. i Pol. 134.
1555555 herb szl. 48. 151511 15. Βιιιιιιι. 173. 227. 295.
1551555 1 (15515515 1151. Pom. 153. 155. 164. 151511 15. Brzeg. i Ligu. 130. 225. 292 434. 5ὓ.

184. 199. 221. 223. 266. 1565115. 1555515 ob. 15115111. 11553555.
15511 herb 511 69. 151511 syn 1111. 15. 0551. 529.
1551551551551650. 151511 ν. 1555555 (15515515) 269. 282. 409.
155515 5555. 294. 434. 444. 446. 526.

151551151051551 306. Ι 15151115.051115555(0115515)225.
1515511 5115511151155. 1555 1551. 01. 514.

mmm 1. 5555115555, w. 1114011116. tute& ι 51515355.

151155 herb 511. 639. 15155155 ιιι. 300.

1511551511, dom 511. 1511 145. 189. 15155 ιι. 267.

15511555 m. 11515. 74 15115155 (1551515155) ιι. 241. 243.

1555515 ιιι. 128. 1565 ιιι. 1 zum. 5. 66. 116117. 138. 173. 181. ’

1515151 (1555155515) w. 111. 5. 212. 189. 212. 429. 451. 453. 492. 5³0. 631.
1151155 (9) ιιιιι. 241. 1555515 1155115 36.
1115 ιιι. 175. 262. 480 607. ⁴ 1555511 5551511401.
115515 51. 155.
11515 ιι. 267. la.
115551551551. 405.
11551 ιιι. 169. 1515 (1515) tr. 5-
1111511511. 36. 93. 145. 1515111511511 (36. 93. 145. 421.
11155 3. 7. 18. 78. 113117. 138. 139. 141. 147. 15115155 m 97.
“ 161. 166. 174. 220. 264. 290. 314. 961. 371. 15515515555151515. Rzym. 579. 580.
375. 383. 386. 402. 422. 445-447. 449. 455. 15515 (15551515) w. 89.
480. 496. 501. 520. 526. 530. 576. 577. 581. 15555 ιιι. 108.
583. 591. 605. 608. 614. 155551 ιιι. 5. 187. 217. 346.
1115151 14. 21. 35. 49. 419. 436. 443. 453. 458. 155155 ιιι. 41. ;
496. 511. 516. 521. 574. 576. 577. 583. 606. 1551555 ιιι.66. 106. 108. 199. 201. 242. Ἠ). 2OE κ
607. 620. 641. 658. 307. 912. 477. 482. 517. ¹
15155 ιιι. 433. 15515515 1155515 36 95. 102. 658.
15515151) ιιι. 152. 156115 herb 511. 145

 

