00000 000000000 0000 0000000000 0300 00000000 0000000000 0000 0 0 0000000 0000(ζ
-0000 000 00 00000 00000 00000 00 0003 00000000 000 00000) 000000 0000000α
-000 0000 00000 000030000οο0 ι00003 0000000 0000000 03 00000000 000000 000
-0000300 00000 0000 00000οΖ 03000000 000000000 000000 0000000000 000000

, 00000 0000000000 0000 03 0000000 00000 M 0000000000οο 0 00 000000 00000

(0000000 0000 00000 0000000 0000000000 0 0000000000 0000 0 00 ,,·0000000“
00000000 00000 00 000 00000000 0 ί000 00 000 0000000 00 03000 00000 ·00“
-00 00000 0 000 00000000 00000 000000 00 00 ι0000 0000000001 00000 ’0000000
0000000000 00000000 0 00000000 000 00000 0 00000000 (00000 (000000) 00000 00“
0000000 0 00000 0000000000 0000000000 (000000 0000000 00 0000000 03 00
Ι-000 0000000000 M 00000 00000 00000000000000 00000 000000000000 00 ι000
-000000 0000000 0 00000 00 00000000 ι00000000 0 0000 000000000οο 00000
000000 000000000 00000000 00 03000 0000000000 00000000 (0000030000ος
000000000 0000000 ’000000 0 0300000000 0000000000 00000 0000 0000003000
-00 000 0 ι00000000 000000 00000 0000000 0 0000000000οο0 00000 0030000
-000000 00000000 030000000 00000 000000 0 000030000ος 0000000000 0000 0
[0000000000 00000000 0 003 ’000000 0 00000 0 000000000000 000 00000000 000000

. 0000 00000000 M 000 00 ί00000 0000 000 00000000 000000 0000 000000 00

00 00 000000 000 0000000000 00 0000000000 0000000 0300 00 0 (00000000 000000
03 00000000 00000000 00000 (0000030000ος 0000 00 0 000 00000 00000
-00000 0 0000000 0000000 000 (00000 00000 0000000 0000000 (000003 ’000000
-0000 0 00000 00000 000000000οᾶ (0000000000ηο 00 00 000000 00000000 000000 000
(00000 0 0000000000 00000300 000 000 000000 00000 00000000000 00 ’0000000000
000 0000000000οᾱ (0000000000 000000 00 0000000 000000 0 (0000000300 0 00003
-0000 (0000000000 0000000000 03 000000000 0 ι000000 00000000000000 03000 00
0000000 ί00000 00000 00000000 0 0000000000οο 000 000000000000 0 0000 000000
-00 00000000 000 000 ι0000000000οΙ 0000000000 00000000 0000000 00000 0000
00 000 0000000 00000000000 M 0000000000 ί00000 0000000 00000000000
-00 00000 000 0000000 00000 000 00000 0000000000 000000003000 0000000000 00
00000 00000 0000 00000000 00000000 ’000000000οο0 0 000000 0000 00000 000000000
ι0000000000 00000 0 00000 000000000 M 00 000 0000000 000 00000 00
ι000000οῐ000ιο 0000000000 0300000 00 0 03000 000000000 000000 00 00000 0000
00000 60000000000 00000 0000000 0000003000 00000000 000 0000000000 0000
00000000 00000000οΖ ’0000 0 00000000 0000 0300000 0000000000 ’0000000
-00 M 00000 000000000000 00000000 0000000000 000000 00000300 00000000 00000
000 030000000οἾ 00000000 030000000 00000 0000 0000000000 4000000,
000000 3000000000 ,00000 0000000 00000 000000 000 M 00000 00000000

-00 000 000000000000000 Ι0000 00000 000000 000 00300000 0000030000οε 00
-0000 0000000000 0000000 000 00000000 000 000 000 00000 00000 000 000000
-00 M 0000 0000000ᾶο 0000000000 000 000 00000 0000000 000 0000 00 000000

. 080 ’00000000 0000000000 ’00οΙ ‘²¹

 

