99999999 9999993 9999999999 99 99399 999 (99999999 999999 9999999999999
9999999999 99999 9 9999999 99999 999 9999 999 ι9999999999 99999 99 9999999
999999 ι99999999 99999 99999 999 999 9999999 9999 9999999999 93999999
999999 9 9399999999999 9999999 *9399999999999999 99999999 “99
-99999 99999 9999999999 9999999999 9999 99999999 ι999999 9 99999 9399
-99999 M 9999939 9999999 (999999999999 99999 999) 9999999999 9 ί9999999
-9999 939999 9999999 9999 9 9999999 99999999 M 5¹ 9999999999999 99999) 9
999999999 9999999999999 99999999 9999999999999 99999 99999399 9999
9999999999 999999999 (99999999999 ι999999999999 93 9999999999 99999999
9999999 99999999 93993999) 99999 999 999999 9999 9999999 9 ’99999999
99999999 99999 9999999999 9999999999 999 99999 (999999999999 99999
999999 9 9999999999 ι9999999) 9999999999 9999999 99999999999 9 999999999999 ’99
999999. 9 99999 (9999999999 9 9999999999 999999999 ι939999999999 99999999
99999999 9999999999 9999999999999999999999 ι9999999999999999999 93
-os ⁰d 99999999 999999 99999999 ’9999999 9 99999999 9999 999999 9999999999
99999999 99999 pod 9999999999 9999999999 99999999999999 99999999 99
ι99999 9999999999 9999999999 99 9999999999999 999999 999 99 ι99999
-9999 99999 9 999999999999 99999 99999999 ι9999999999999 9999999999
99999999 99999999999 9999999999 ιλ9999999999 9399999999 9999 (9999
99399 ’9999999 99 ι99999999 999999 9999999 op 999 999999 9399999999 999
99999999 999 999999 99 9999999 99999 9999999999 (999999999999 999999
-9999 999999 9999999 9 9999 99999999999 99999999 M 9999 99999 99

’99999 ι 999 9999999999 9999
999 99 99999999 999 off 999999 9999999999) 9999999999 9999999999 99999999

’99999
-999 9999999999 93· 99999 ι,9999999 99999999 999 ι99999999 9999999999 9
99999999 9399999 99999 9 9999999999 99999999 999 9999 99 99 99999 ‘nm
999999999999 9999999999 93 99999 9 99999999 9999999999 ’99999
9999999999 99999 99 999 ί99999999 999999 9 999999999999 ι99999999 999
999 9 99999 *999999 99999 999999999999 9999999999 9 9999999 99999 (9999999999
-99 9999999 9 99999999 999 (9999999 999999 99999 999 99999999999 999
99999 99999 0 9999999999 9 9999999 9 (99999999 9999999999 999991 999
99 9999 99999999 9999 ’99999999 9999999 99999 99999 93999999999 999999
-99 999999 9999 9999999 9999999 999999 9999999 9999999 999999 99999 99
9999990 ,9999999 9999999 po 9999999999 9 99999999 999999 ‘02⁸
[ -9999999 9999999999 9999 999999 99999999999999 9 9999999999 9999999 9 99“
¹ ι9999999999 99999999 ,99999999 9999999999999 99999 9939999999 99999999

ζ pen-21 9999999999 999 9999999999 999

 

