1111111111111111111111 1111111111111111111111111111111111111
111111111111(111111111111111111 1111111111 1111111111111
-11111111111111111111111111011111111111(1111111111111111
11111111111111111111111111111111111111111 (111111
111111111 1111111111111 1111111111 ι(11111111 11111111111
111111111111111111111111111111111111111111111111111 ι111
111111111111111 ι111111111111111111111111)(1111111111111111111
-11 1111111 111 11111111 op 111 11111111 111111111111111111111111111
111111 ι1111111111111111111111 11111111 1111111111 11111 (11111111 έ111
-11111 1111111 111 111111 (1111111111 1111111111 1111111111 111 11111111 1111
1111111 1111111 ’1111111111 1 1111 1111111οᾶ 1111111111 1111111111
111111(1111111111111111111 1 1111111111111 1111111 (1111111111
1111111111 1111111111 1111111111 11111111 111111 1 ι1111111111 111111 11111
-1111 111111 111111111111111111 1111111 11111111 1111 1 11111111 1 111
-11111111111111 111111 1111111 ’1111111111 s 11111 11111111 1111

1111111111 z 111111 11111111 1 1111111111 11111

1111111111 1111 1 1111111111111111 (11111111)
1111111111 1111111111111 11111111 11111 11111 op 11111111111111111111
11 ι1111111111 s 11111111111 11111111111111111111111111111 ι1111111111
11111111111111111111111111111111111111 (1111111111 1111111
ms 1111111111 1111111 11111111 1111111 1111 11111 11111 111 M 111111
111111111111111111 11111111111111 111 111111 1111111 11111111 4111111111
1111111111 ’11111111 1111111111111111 ι111 111 11 (1111111111111111
1111111 111111111 1 1111111 111 11111111 111111111111111111 11111111111
’11111111111111111 1111111111 1111111111 1111111111 11111111 1 1111111111
1111111111 11111111 (11111 1111111111 111 (1111111111111 11111 111111
1111111111 od 11111 ’11111111 11111 1 1111111111 ι1111111111111 11111 11 11
11111111 11111111 1111 1111111111 1 11111111 1111111 ι1111111111 11111
-11111111111111 (1111111111 ι11111111111111111111111111111111
-111111111 11111111 1111 1111111111 1111111111111111111111 1 ι1111111111
111111111111111111111111“111111111111111 111111111111) ’,11111
-1111111 1111111111111111111 1111111111 1111111111 1 11111 ι11111111111111
-11111 11111 (11111 111 ι11111111 1111111 111 1111111111 11111111 1111111111
11 11111111111111 1111111 1111111 1111111111111 111111 1111111111 1111111111
11111111 ’11111 1111 1111111 1111111111 ’1111111111111 (11111111111111
11111111 (11111111111 11111 111111 0 111111111111111 111111 11111 11111
11111111111111 1111 ’1111111 11111111 [1111111111111111 (11111111111111

919 ’1111111111 111 1111111111 1111 11

 

