644 1111111111 111 1111111111. n.1444.

,111111 pola przeoiwnikom. Takiej 11 11111111 1111111111 11111111 Β1111111 111

,1111 mmai, 11111 lud 11111 1111111111 od 1111111111, 1 1111111111 1111111111,
Ι,1111111 1111111111 sie 1111111111 11111111, 1111111111 11111111 (111111111111 111111,
,11111111 11111111, 11111 11111111111111 1 111111111111111 1111111111Ρ1111111111. Aby
,111 111111 do 11111 1111111111] 1111111111 1111 1111111 1111111111, 1111 w state-
,111111 11111111 Bogu 111111111111111111 1111111111 1111111111, 11111111 S. 1111111111-
,1111111 1111111111, 111111 111111111111111111111111111,1111111111111111-
,111111 11111111, 1 11111111 1111111111, 11111111111111111111, 111111 1111111111
,1111111111111111111111111111111111, 11111111 1111111111, powagi i 1111111111,
,1111111111Β11111111111 11111111 11111111 1111111111 1 trouu, wskazawszy‚ 1111
„w jego 111111 1111111111 same 11111111111 1111111, 11 1111111111111 111111
,1111111111 1111111, 111111111111 11111111 111111 religii i 1111111111. Te
„i 111111 111111 1111111111, 111111111111111111111 1111111111 1111111111 11111111 11111-
,1111 1 11111111, 1111111 im 11111111111111111 1111111111, godna 111111111111111111
,11111111111111111 mimo 11111 1111111111, 1111 1111111111 1 1111111111, (11111111
,111111 1111111 1111111111] do nas uprzejmie 111111. 111111111111 1111111111
,111111111111111111111111111 1111111111, 1111111111 11111111111111 1 1 1111111111
,11111 1111111111 11111111 tq 1111111111 111111 1 0111111111 Roga, 1111111111
,1111111111 1111111111 (111111 11111111 111111 111111111111111111111111111
,111111111111111 1111111111 nasi, 111111111111111 1111111111 1111111 1111111111
,111111 1111111111111111 111111 1111111, 1 1111111111 1111111111111111111111111-
,11111111 11111111111, 111111111111111 11111111 1111111111 1 1111111111. 11111111111111
,111111 1111111111111Β11111111111 1111111111, 1 111111111111111111
,1111111111 w przekonaniu, 11 1111111111 1111111111 11111111 beda 11111
,1111111 11111111 1111111 1111111111111 11111111 1 1111111111, 11111111] 1111111111
„w 11111111 1111111111 1111111111, 11111111 11111111 11111111 1 1111111 111111111111111 ³
,Βο11111, 11111111 1 11111, 1111111111 (11111111111 1111111111, 11111111 1111111111 1 do-
,11111111111111 1111111111 11111111 11111111, 1 1111111111 111111111111111111. 11111- 1
,1111111111 111111 1111111111 11111111 11111111111 1111111111111111111111 1111111111οὲ1, ¹
,111111 nas spowodowarla do pisania: 1 1 §li Bag (11111111 11111111111111111111-
,1111111111 (1111111111 1111111, nie 1111111111111 ku 1111111 11111111 11111111οὲ11,
,1 1111111111 111111 111111111111111111111111111 1 1111111 1111111111 1111111111.
,1)11111111111111111 111111 dwudziestego 11111111 8111111111, Roku Panskie·
„g01444.“
Fizip Mastia Anqelo,
1111111 11111111111111. Η111111 Ρ11111 1 1111111111.
Pan Gonni.

 

