11412. 1111111111 11111111. 133

11111, 1111111111111111111 111111111111 111111111, 1 1111111111-
111 1111111 1111 1 1111111111 1111 111111 1111111111 11 1111111111
11111111, 111111 to przyjdzie 11 111111, 1111111111111111111111111-
111 111111111111 111111111111 111111111; 111] 11111111111111111111
1111111111111, 11111 111111 111111 1111111111 1 111111 1 1111111111, 111111-
111 11111111111111111111111111111 11111111, 11111 111111111111111
11111111 11111 111111111111111111111-1111111111 poich po-
11111 111 Friuli (11111 11111), 1111111 po 11111111 111111Β111,
111111 111111, 1 1111111111111111111111 11111 11111 1111111, 11111
1111111 111111 1111111111 11111111111111 1 11111111111111 po 11111 11111
1111111 1111111 111, 1111111 herb 1111111111111111111 11111 11111
111111 1 11111 1111111111, 11111111111111 111111 1ο 11111 Β111, 11,-

111111 1111111111111111111 1111111111, 1111111111 1111111111111 1111 ,

1111111 11 1111111. Α gdy 111 1111111 1 1111111111 111111 1111111, 111111-
11111, 1111111111 11111111 1111111 11111 1111111111. 1111111111 1111
Polski, 1111111 1111111111 111111111111111, 111 1111 1111111111 11111
111111 1 11111111, 1111111 11111111 1 1111 1111111 11111, 1 111111111-
wie, 111 111111111 111111 111111 1111111 111 1111111111, 11111 po
1111 111111, 1111 11111 1111111111 ,1111 11111 11111111, 111111111111111,
,111111 11111111111111111111 1 11111111 ich 11111; 11111111111111111111
„Bogu 1111111111, 111111 1 111111 11111111 11111111. 1111111111-
,1111 11111111 1111111, 11111 11111111 11111111 111111 1111111111
,11111111111111 111 1111111111 11111111 11 11111111, 1 do 1111111 11111
,111111111111111111111111111 1 1111111111, 1111111 11 1111111111 111-
,1111 11 11111111, 111111111111111111111 11111111 111111Β111, 111-
,1111 1111111 11111 1 1111111111 1111111111 1111111111 111 Κ111111111
,1111111111 111111 1111111111 11111 1111111111.“

1111 1111111111, 1111111111 11111111, 1111111111 11 111111 1111111111,
11111111 11 111111 1111111111 1111111111 1111111, 111111 111 1111111111
11111111.

111 111111 11111 11111 S. 1111 (11111111111 11111111111111
11111111111111111Β1111111111111111111111(1111111111),
11111111111111111111; 1111111 11 1111111111) 1111111111 1111111-
1111, 111 111 11111 11111111 1111111111, 1111111111, 11111111111111
1111111111111 1111, 111111 1111111111111, 111111 1111111111 111 11111111
1111111 111111 11 11111, 11111 111 111 1111111111 111 11111 1111 1111111
111111 11111 111 1 1111111, 111111 111111 1111111111111111. Mimo tego 11-

 

