418 000000οΑ0 00000000. 01431.

· 10001. 1111001000 1010 110 010100010000010101000,101010101000101010

00101011 0001 00 01000000 101101001000000 brata: 1110000 11000 0001000100,
0 0000010 01000001 0001100000 0010, 10000000010001 010000010010101 100010-
1001 1010000 000010000010000.

10 0010010 00000 0000000000ςο 10 0000100, 001000 0001000 000010 00 0110
101011, 010 0001 0010 010 0 00000100.

111Ρ10101 00 000000010101 1101010001001011. 1110001, gdy j 1 0010001
0000 0000100, 0010001000 001010 001 00001. 110 11010 0 00101010 01010
000101010 010010, 0 Ρο1000 0110010000 01000 0001100110 110 001000 0 000-
010, 0100000100101000011000 0100001010010 01000010011101010 810010
0 1000000 1 0001001000 0000000, 0 1110001 00001 0000000 0111 00 miej-
000, 0 00011 00110111 0010100001. Βο11001000001010001001 1 000 810010,
gdyby 1010001000100000000 810100 010 00010011 go 101 0010 1 010 01101
10010 001000 00010010. Ρο00011 0101010011 1001010101 Ρο1000 10 broni, 1010,
lu 0100000100101 00101011 100000, 000010 001001010 00010. W 8010010 00
10100101101010001001011. 110001 000010111010110 01010010 101010010 101-
10001011001001011100111010010010110000, 1101000110 010010
100001 1011010001, 0 0010 0110100ἰο 010 000111. 11010 0000010111110
00100010 0 0010 0110 010000, 00001010 010 00000010 10 00010 1 000100101010-
10010 801100010110 0 0100000 0110010011. Ρο001101000 ,1010010 000010 00
101010, 0 0101101Ιο 001010101100011000 001010; 101010 100100 000010-
1010, 0101010111101001011110010 100101, 111001 10000000000001 0000100101
000010 0000001οο 010 0101010100 1010000011. ’

10001101100011110100 00000 010010 001100 010 01000010010100. 101000 000-
010 1 0000010010 01001010 000100οο001 010010 1101011010. zum 0010010
v 010010 0010110.

· (11001010101010, 00001 101100011 110100, 1110000 0100001010100100-
000 101 Ηο0110 11100100· 00100, 100000000οο0 1011001 00 00000010,
00010111100000100 1000 (101-10100100 0001 000010 1100101) 0001111100-
1011 0101010010 010000010010100. oi 011000 00101000 010 1010011, 101000-
01000001, 0000011 010010 (11010010 010000011001001000 1 001000. Ale 010-
1011000011001010011, 0010000000 01010 01010001010010 10101, 0100001
00 0101 0 01000010, 010 1010ος0 010 00010100011 010 000010, 1 00010 00 000
0010000000 101 0000001010 001011 0010011, 10 00000101 101 gmin 0001010

 

