0000 00000 000000 000 magd 000 00000 000 000 0 ι0000οι000000οο 000000 w
0030000 000000 00000 000 0000 00000 000001 5030003000 0000000000 mmmmm
·oqoz 0 0000000οο 00000 000 0000000 000 00030 00300 0 (00000000 000 0000000000ί
[0000000000 0000000 00000000 0000000 0 0 ι0000000030000 000 0000 00000 od“
[000000 0 (00000003οι0 0030000 0000000 0 [000000 0000000000 0 0 000000 000000οΰ
-0000 (00000000 30000000 00 ι00000000) 000000 3000000000 000 00000000 00000 0“
0000 num 00 0300 (0000000000 000 0000000000 30303 ’00000000 0 έο00000“
000000 0 0000000000οἀ 0 ι00000 000000000οκ (000000000000000 0000000000 000*
0000000ιο 00000000 0000000 000000 0000000000 0 0000000300 000 00000000 000 0“
0000 0000000000000000 mu 300 *00000000 0 (000000 0 0000 03000 0000000000
0000000 000 000 00000000 030000 0300 (003000 0 000 000001 0000000 000000
mnu 000000 ι0000000000]οῖ 0000030000 00 000000) 300030 000000 [00000 How
[000030 0 03000 000 000003003000 000 00 ’000 0000ος ’00000000 00000000 vf‘
0300000000 000000000000000 003000 0 0000 0000000000 000 (000000 000 000000“
-000 0 00000 00000 00000000 0 ι00000οι00000οο 0030000 Ι0 03000 0000000 0300000
00000130 00 00000 00 (000000000ιεί 0 0000000000 000000 0 03 000000000000 0“
0000000000 00300 000000000οη 000000 0000000000 0 ι0000000009 0000000010
000 00000 [000000 30000 00000 000 00000003000000000 0000000000 ι300000 0“
000000 0000Ὶ 00 6000000 0000000 000 00000 0 ι030000000οἿ 00000000
0300000000 00000000 0000000000 03000 00000 xpm [0000000 op 300030οἤ
ι0300000000 0000000000 000000 0000000 op 03 [0300000300 (0000000οῩ
0000000 0000000000 00000 0000 0 ι00000000 00000000 0 000000 0030000000)0“ί
ι0000000,Γο 000001 0030000 000 ’00000 003000000000 0 0030000000 0000000000 0000(
0000 000000 0 000000000000000 30000 0 0000000 0000000000 0000000) 000004
00 ί000000 0000 (0000 und 3000000000 000000 0000 000 0000000 000000 3000000

¹ 00000οΓ 030000 00000 0000000000 0300000000 00000 00000300οΜ 0000000

-od 0000000000) 00000030 [0000000030οΛ 00000000 0 03 3000000000
300000 00030000 s 00000000 0000000000 30000000) z 0000003000 0
030000000000000000000 0000000 0 0000 000000 ι0300000003οΜ 0
030000000οΉ 00000 0000000330 op ofiogfflod 0000000000 0 00000 po
000000 00000 0000000000 000000 030000000000 3000000 op 0000000000

0000000000 agnum 00000000 um 0000οι00 auum
300 squ mosum 0 ’00000000 mm [0000100 0000000 0000 00000 nm 000
0 3030 0000οί 030000000ιο 00000 mutum 00 0000000300 mul 0000300000 00ιο

00000000 00000 0000000000 0
0000000000 (0000000000 Ι300000 00000000) 0000000 0000000000 od »00000ος0*
00000 0000000 0000000000 0300000 000000 0 0000000 30000 00000 000 (00000

- '1sz Ἢ ’00001000 mamm m

 

