111444. 1111111111 111 1111111111. 669

11111111111111111111 wielu 111111111111111 1 1111111111-11111111111, 111·
1111111 1111111 111111111111111111 111 11111111111 1111111 11111111,
u 11111111 1 1111111 11111111 1111 11111111 111111 11111 1111111111111111.
1111111111 11111 11111111 11111 1111111111, 11111111 1111111 111111111111

1111111111 111111111 1111111111 11111111111 11 11111, 1111 111111111
1111111, 11111 1111111 11111 111111111, 111 1111111111 11111111111111111111-
1111 1111111 1111111. 1111111111 1111111111111111111121111111111, 1111111-
11111 111-11 11111111111, 1111111111 111111 1 111111 11111111 11111 1 11-

11111111111111111111111 11111111 11111111 111111111111111111111111-
1111 1 11111111, 11111 11111, 11111111111111111 1111111 1111111111,
111111 1111 111111111111111111, 1111111111 1111111111 11111 11111111111111,
1111111111 1 11111 1111111111 po 11111, 111111111111 1111111111 11111-
11111 1111111111 pogoni. Szkodzily wojsku 111111 1111111111, 111111111111
111111111111111111,111111111111 11111111 111111 111111 1111 11111·1111;
11111111 1111111111111111111111, 11111111 111111111111111 11111 111111,
1111111111111111111 111111 1111111111 1 11111111111 1111111111.

nitu 11111 1111111111 ι 1111111111.

111111111111 1111111111111111 11111 111111111111, 111111 11111111
11111111 111111 1111111 11111 1 11111111 111111 11111111. (11111111111111
1111111, 11111111 1111111111111, 11111 1111111111111 11111111 1111-
111111. 1111111111 111 111111111111111 1111111111 111111111, 111111·
11111111111, 11111 1111111 1111111, 111111 11111111 1111111 111111 111111
11111 1 11111. 11111111 111111 11111 11111111111, 1111111111 111
11 1111111 11111111, 1 11111111111111111111111 11111111111111111 11111111-
111111111111 111111, 111 1111111111111111111 1111111111 1111111111 111111
111111, 11111 11111 11 1111 1111111; 1 111 geste 111 grad 11111111
1111111 11111111, 11111111111 1111111 11111, 11111 1111111111 1111111111 ¹
okropny; 11111111 111 1111111111 11111111 1111 11111111, 11 1111111 111111
1111111 [1111111111 11111111 111 1111111. W 111 1111111 11111111 1111111111
111111111111111111111111111, 1 111111111111111 1111111111 1111111. 1111
1111111 11111111 1111111111 111 11111 11111111111111111 1 1111111111
111111 1111111111111 11111111111111111111111111111, 1 1111 1111111111
1111 1111111, 1111111111 1111111 11111 Ρ1111111; 111 11111111111111111
11111111, 1111111111111111111 111111, 1111111 1111111111 11111111 1111
1111111 1111 1111111111, 1111111111111111111111 1111111 1 1111111, 1111
1111 11111111 111111 111 1111111 1 111111 11111111 11111111 1111111111
11111111, 1 1 1111111111, 111111 1111111111 1111111 1111 w 11111111, 11111111·

 

