1111111161 m. 561. 631. “ 0111, iona BoL ks. 01111. 317. 320.
11111111 11. 14. 16. orn, 151111 Β11. ks. 1111111. 499.
11111111 649. 651. 661. 011111 11115111. 34. 93. 676.

ssawic 111. pol. 94. 011111 m. 362.

11111111 1 1111111111 323. 01111111 01111111111450.
mmmm 04. Nidborg. ,mem zam. 401. 415. 4411446 448. 451.
1111111111 10111111111111674 0111111 11. Rus. 418. 606.
Ν111111,111111. 145. 01111111 m. 456.

1111111111 (Nova 1111111111. 119. 0191111 ks. 1111 491. 493.

uida 11. 563. 01111111470.

111111111111111. 74. 88. 158. 01111, 1111111111. ks. Lit. 576.
11111111 325. 428. 459. 521. 544. 0111111111. 289. 315.

1111111111 (Ν1111111111Ν111111,111. 327. 362. 434 527. 0111111111 m. 303.

1111111111 11. 147. 224. 291. οΙ111γηο1 ob. Allenstein.
1111111111 11111. 426. 011111, 111111. 607.

Ν1111111111 31όά (31111 Τ111111111111111) Dent-sch· 011111111111. 1 kl. 0111111111.

brod, m. 248. 259. 0111111 m. 2. 108. 138. 165. 283. 287. 435. 499.
Ν11111111111). 1111111111. 01111111 m. 303.

1111111111 z 8111111111 74. 01111111 1111. 335.
1111111111111111. 1111151 1101. 117. 138. 165. 175. 0111111111. 165.

189190. 217. 247. 248. 251. 257. 258. 262. 011111 m. 327.

283. 292. 316. 324. 332. 358. 431. 476. 580. 011111 ob. 01111111111111.
1111111111 11115111. 36. 01111111 1161 (11111111) 250. 251.
1111111111 (1111111111) m. 174. 01111111, 11111 1111111111111611245.
1111111111 (Νγ111111111) m. i 11111. 12. 40. 86. 87. 0111 11115111. 425.

224. 231. 279. 284. 288. 337. 423. 436. 01111 11. 279.

Ν1111111111. 147. 150. 0111111 (0111111111) 656. 657. 660.
’ 11111111 Wyloz ob. 1111111111 Wylz. Omlnburfl ob. Szezytno.
11111111Ιί11662. 666. 0111111 1111111013. 588.
1111111111 11. 179. 0111111111κί 1111111140. 118.
111111111191 m. 325. 427. 428. 459. 0111111 11. 498.

1111111 11 111111 11111111. 135. 011111 (11111111) 111111. 145. 5761
1111111. 11111461. 481. 0111111111 1110111111.

1111111 111111111460. 461. 011111274. ⁸

111111 11111 1111311111. 0111111111111111. 41. 74. 88.
111111 11111111 (0111111 nova) 41. 102. 103. 466. 0111111111). 111 1036. 93.

612. 011169 zm. 11 1111111. 267.
Now· 11111111 1111111110. 11. 135. 175. 204. 252. 0111111111 11111. 650.

257. 288. 290. 292. 332 351. 375. 404. 485. 0111111611 11. 106.

443. 456. 483. ὅθ. 562. 605. 606. 0611111111 m. 303. 479.

11111111 herb 111. 145. 480. 011111111111111 1111111111 2. 498.
1111111111611 (Ν11111111111) 1111. 650. “ 0111111111 111444.

1111111161 m. 334. 01111 Ρ1111138.
1111111111111111.175. 201. 262. 337. 0111 1111111111 ob. 1111111111.
11111111111111111334. 0111 111. 1111111. 134.

11111γο11161 111 606. 0111111111 11. 1 (11161 11101. 138. 252. 290.
111111811111. 6. 7. 103. 120. 189. 215. 288. 297. 0111γ1 11115111 36. 93. 279.

1111νγ1119 m. 294. 327.

P:
0.

Ρ11111111111 11. 108. 437.
0611111111 m. 194. 362. 400. 1111111111 (1111111111) m. 327.
0111 1111 408. Ρ111111, Minu. 274.
0111 11. 460. 1111111 311111111111111 83.
01111111 herb 111. 8. 30. 88. 145. 183. 403. 563. Ρ1111111 111. 579. 651.
01111, 111111 17111. 11. 01. 256. 258. 259. 261. 1111111111 1111111101 191.

4

 

