-11111111111111111 111111111 (111111111111 11111111 11111111
1111111 11111111 1111111111 1 ί1111 11111111 1111111111111111 1111111
111111111111111111 111111 1111 11111111 111 1111 ’11111111 1111111111 1
11111111111111111 (111111 11111111 1111111 11111111 (1111111111111111111
-1111 1 1111111111 11111 11111111111 [11111111 1111111111 1111111
11111111111 11111111 11111 (111111 1111111111111111111111(1111111
1111 111111 111111111 1111111111 11111111 (11111 1 1111111 1111111111οὲ
11111111 1111111111111111111 11 111111111 1111111 1111111111 11 1111111
111 ί11111111 1111111111 1 ι111111111111111111111111 1 11111 11111111111
11(11111111111111111111111(1111111111151111111111111111

- 1111111111111111 έ11111111111111111111 ι(11111111) 1111111 11

111111111111111111 111111 1 (1111111111 1111 111111111111111,
·11111111111111 11111111111 1 11111 111 ι1111111 1111111 6111111111 111111
-111111111111 111111111111111111 1111111111 1 111111111111111) 111111
-1111111111111111111111111111111111111111111111 11111111 111
-111111 1111111 1 1111111111 111111111 1111111111 ι111111111111 111
111111111111111111111111111111111(1111111111131111111)
11111111 ι11111111) 11 ι1111111 1 1111 111111 1111111111 Ζ

Ι 11111111 1111111111111111
111111111111111111 1111111 11111 111111 11 111 111111 1111111111 11111

’111111 1111111
1111 111111111111111 1 1111 1111111111 (111111111111111111 111111111111111 111
1111111111111111 1111 ι111111 11111 11111 1111111111111 1111111111
1111111111 1111 (1111111111 1111111111 1111 1111111111111311 1111111 1 ,
(1111111 111 1111111111 ’11111111111111 111 1111111111 111 (111111111111111
-111 1111111111 11111111131111111111111111 11111111 1111111111 111 1111111
-11 1 11111111 111111 1111111111 11111 111111111 11111 1111111111 11
1111111111 1111111111 11111111 11111111 1 ι11111111111111111111111
1111111111111111111111111 (111111 1111111 1111111 1111 11111111 ,,·111111“
111111111111111111111111 11111111111111 1111111 111 ι111111 11111 113111
1111111111 [1111111111 1 1111111 1111 1111 1111111 11111111 111111111“
1111111111111111111111 111111 111111111111 11111111111111 (11111111
-11111 11111 11111 1111 1111111 111111 1 11111111111 1111111111 11111111α ι
1111 (1111111111 1111111111 11 111111 1111111111 11 (11111 ’11111
11111111 111111111111111 1111 1 (111111111111111 11111111 111 111111 0“
1111111111 1 11111111 11111 11111111 111111111 111111 111 1111111111

1111 11111111111111 111 1111111111111 1111111111 1111111111 1111111*

91 ’11111111 1111111111 . ὉΠ-,Ῑ Ἥ

 

