9999999999 ι99999999 M 9999999999 99999) 99999 99999999 9999999999 9 99
-999 999999 9999999 999 99999999 9999999999 9 999999 9999) 9 999 9999999999
ι9999999999 99 999999 999999 999 9999999999 99 9999999999 9999999999 999
-999999 999999 99999 9999 9 ι99999999999999 9999 9999999999 (99999999 9 99999999
9999999 99999 ι9999999999 9 999 9999999 99999999 999999999999 9 ι9999999999
9999999999 9 9999999 9999999 99999 9 999999 9 ι9999999999999 999999 999
999999 99999 9 99 ι99999 99999999 99999 9 9999 99999 999 9999999999 9 99999
-9999 ι99999999 9999999 9999 99999999 999999 999999 9 9999999999 99999 9
999 99999 9999999999 9999999999 ι9999999 9999999999 99999) 9999 9 ί99999
-9999 999 99999999 9 9 ι999999999999 99 99999999 M 9999 9999999 ’9999999
999999 9999999 99999 99 99999 9999 999999 99999999 9999999999 9 9999999 9
(99999 9999999999 9999999999 9 99999 999999 ι9999999999 99999 op 999999
-99999 99999999999999999 9999999999 9399999999 9 99999 999999 9999999999 999
-999 9999 [9999999999 9 9 ι9999999999 999999 99999 9 9999999 99999999 99999
999999999999999 99999999 9 99999999 999 999 99 ι93999 999999 9 9999999999
9999 99999 9 9999999999 9999999999 ι9999999999 9 999 9999999999 9999999 99
-999999999 9999 9999999 9999999 9999999 99999 (99999939 999 9999999 999 9999
9999999 ι999999 9999999999 9999999999 99999 999 9999999999 (9999 99999999
99999 99 999999 69999999999 999999 99999999 9 ι9999999999 999999 99999999
9999 99 9999999 9999999999999 999 993 ι9999999999 9999 9999 999 999999 9999993
99999999 499999 99999 999999999999 9 99999999 9 69999999999
99999 [9999999999999 9999999999 ι9999999999 999999 9999999 ι999
9999 99999999 9 99999 999 999999 999999999999999999 999999 999) 99999999 ’9
9999999999 9999 9 ’9999999999999999 9999999 99999 99999999 9 9999999
-99 999999 99999999 999 ι99999999 9999999999 9 999· ’9999999 9999999999 9
9999999999 99999 99999 99999999 999 (99999999999999999 9999999 9999999 9 99999
9999993 9999999999 699999 999999999999 9 99999 999999 9999 999999 99999 9
99999999 99999999 9999999 999999 9999 9 9999999999999 999999 9939999 99999
-9999 9999999999 99999 (99999 9999999999 99999 9 ι9999999999999 9999999 99999
9993999 9999 ι99999999 9999999 99999999 [99999999 9 999 ι99999999 99999
-99999 99999999 9999 999 (99999 99999 ,999999 999999 9 999999 999 9999999
999999 9 9999999999 9999 999999999999 99 (999999999999 9999999999
-9999999 9999999999 99999999 999999 9999999 9999 9999999 9999999999 ι99999
-99999 9999999999 9 9999999 9999999999 999999999 9 ι9999999999 99999 99999
99999999 9 99999999 99999999 99999 99999999 99999999 99999 99999 999999 9999
-999 ι99999 9999999 999 99999999 999999 9 9 9999999999999 999 9999999

9999 99999 999999 99 9999999999 999999 9999999999 .
agon ’91999 999 man 9999999999 um 99999999 9999 99 ’9999999999 9999

'W Ἥ 9999999999 111 9999999999 999

 

