126 1111111111 11111111. 111412.

,111 111111 Ich 1111111111, 1111111 1111111111 1111 11111111, 111111 1 11111-

,11111111 111111. 11111 1111111111 11 11111111 1 11111111, 111 111111
,111 111111111111111, 1111111 1111111111 11111111 11111111 1111111111;

,111 11 1111111111 1111111111 111111, 111-11 1111111111111111111, 111
,111111111111 111111111, 11111111111111, 1111111 1 11111111, 1111111, 111-
,11111111 1 11111111111111111111 1111111111 111 111 11111111 111 1111111,
,1111111111 11111 111111 11111111, 111111 nasi 11111111, 1111111111 1111
,111 1111 111111 1111111111. 11111111 1111111111111111, Ρ1111111
,1 1111111111 11111 111 111111, 111111 1111 11111 11111111 11111-
,11111111 111111 Polskim 1111111111 1111111111, 111111 11 1111111
,11111111 1111111111 1111111111 111111 111111111111, 1111111 11111·
,111111 1111111111, 1111111111, 111111 11 111111 111111Ρ1111111111
,1111111, 111111, 11111111 11111111 111, 1111111111 111111111111
,1 1111111111111111 111111111111111111 111111 111111111111, 1111-
,11111111 1111111, 11111 1 1111111111. 1111111111111111111111 1111-
,111111111111111 1111 1111111111 1111111111 1111111111 111111 111111,
,111 1111 1111111111 1111111, 111 1111111111111 1 111111111 1111111 1 111-
,111111 1111111111. W 1111111111 1111111111Ρ111111111 1111111111,
,1111111 1111111 111111111111 111 1111 11111 1111111111 11111111
,1111111111111111 11111111 111111 111111 11111111111111111111, 11-
,11111 11111 111111 11 1111111111, 11111111 111 1111111111111 1111111111
,1111 1111111111 111 111111. 11 1111111111, 11111 1111111111111111,
,1111111 1111111111111 1111111111111111, 111111111111, Pan Bag 11-
,1111 11 111111, 11111111, 1111111111 111111 po 111111 111111111111 11
,1111111 11111 111 1111. 111111111, 11111 11111111 11111111111111
,1111111 111111 11 11111111111111, 111111 1111111 1111111111111111 111-
,111 Ρ11111, 1 11111111 11 111 1111111111 111111111 11 1111111111.
,1111111111 1111111111 1111111111111 1111111, 11111111 11111 11111
,111111111111 111111 11111111111111, 11111 11111111 1 1111111111111111
,1111111111111 1 111111111, 1111111 11111111 (11 1111) 11111
,111111 111, 111111 1811111 111 1111111111111, 11111111 11111
,1111111 111 11111 11 1111111111 1111 1111111, w 1111 1111 11111111111
,1 1111111111. Ν1111, 111111111 111111111111 , 1111111111111 11111
,111111111111111111111111111111111111, 111111 111111 1111111-
,111 1111 111111 11111111 Alexander, 111111111111111111 1111111-
,111, 11111 111111111111111 1111 11111111 1111111111, 11111 1111111,
,1111111 11 11111 1111111111ιί1 11 1111 1111111 111 11111111 1 111111-
,11111 1111111 1111111 1111111 1111111111111 111111111111111111 111
,111111; 111111 111111111111 1 1111111, 111111111111111111 inni 1111-
,1111 11111111 11111111 11111111111 krolestwo Wegierskio‚ albo 11111-

 

