14 1111111111 11111111. 111410.

11111 1111111111111 1111111 S. Β1111111, 1111111 1111 111111111111111
11111111111111111, 111111 1111111111 111111 1111111, 1111111 11111111 1111111
(1111111111 1111111111111 18111111 (8111111111) 111111111111
Ρ1111111111111; 111111 (111111 1111111111 118111111111; 111111 0111-
·111 1Ν111111111111111111Μ1111111111111111111111111; 11111111111-
111 1 81111111 1111111111 11111111111111 Ζ1111111111111; 1111111
Κ11111111111Β111111 111111 Κ111111111111111; 1111111Κ11111
11111111111 11111111111111111111111111Ρ111111111; 1111111 8111111111-
111 11111, 1111111111 111111111111111Κ1111111)1111111111111 Ρ11111111;
1111111 11111111 Β111111Η1111111111 1111111111 8111111111Β1111·
11111111, 111111 11111111 1111111111-111111111111 111111Κ1111111111 Μ111-
111, 1111111111111111111111111 1111111111 11111111 1 11111111 11111111 11111-
1111111111 1111111111111111 11111111 11 1111111111 1 11111. 11111111 11111111
1111111111, 1111111111 1111Ρ111111 111111111111 1111Κ1111111111
111111111811111111111111111111111 1111111. 1111111 1 11111111 bamberg
11111 Ρ1111111 11111111111111111 1 1111 111111111; 111111 1111111111
(1111111111) 1 Η11111 1111 1111111111111111111111111111111111111111-
111 111111111111. Ν11111111 1111111111111111111111111, 11111111 1111
1111111111111, 111111111111111111. Ζ1111111111111Η111111111 011-
111111; 1111111 1 1111111 ’11111111 1111111111 Brzozoglowskiemu
(Β11111111); 11111811111111111111Β11111111111111. 11111111-
1111 111111111111, 11111111111111111 11111 1111111111, Ρ11111111111, 111-
11111111111111 101111111111111· 1111111111 1111 11111111111111111 111111
1111111111, 11111 11111111 111111111111, 11111111, (11111111,
8111111,Ρ11111111,1111111111Β11111111111), Β1111,1111111-
ty i KlaJpedy (Troypeda) 1111111 111111 111111. 1111111 1111111111
1111111 11111111 11111111 1111111111. Ζ11111111111111111 1111111111111
111111111111111111111 1 111111111111111 11111 1111111111111, 11 1111111-
111111 11111111 11111111 1111111, 1111 11111111111111111111111111111.

1111 1111111111 11111111 1111111111, 1111111111111111. 1111111 1111111111
111 ι 11111111, 1 1111111111 11111111 1111111111 11111111, 1111111 11 1111111· 11111111
1111111 1111111111.

Ρ111111111111111111111111, 111111 11111111 111111111111111Ρ11- 1

1111 11111111 1111111111, 111111 11 111 11111 1111111, 1111 11111111-
111111 11111111111111111, 111111111111111111 1111111 1111111111, 1111111111 11111-
111 1111111111, 1 11111 11111111 11111 111111 1111111111111111. 11111 11111-
1111111 1111111111 81111111 11111111 Η111111 v. Ρ111111 111111 11 1111111-

 

