658 6616666666 666 6666666666. 61444.

1666161616616116666166116666Β6166166661 6661611 6661111 61666166
6666616 Κ6616661666661 1616166161116661616666, 11666 6661666616166-
6666 16 116666666; 6666666666 6161666661, ,16 66 6666611666 666166 ’16-
,666116 j 66666616 66666161 616 166· 66166661, 66166 mu 666611 1166161666
,1661616 1611666611, 6611666166 616 6 66616666 6166661666 66166661 na 116-
6666661 1116166661666661611 1661666616666166, 6666616 jak Β6166166
16161611666616611, 161666 6661611616 666 66611616 6666166666 (166666661616
6 6166166 66611161. 1161616 6616666 6661616666] 66666 16 661 6166616, 6616666666
16616 6661666. 161 16661666 Κ6616661666 161616 1611666161 61666666666
6 661666 6666161666 6666666 do 6166661 1166116116] (161666116666666661 16166·
(166 6 661616666666 6666666616 66166Ι 6666666616 1666666666 6666166 Β616616-
66161616616 Μ6666166161666, 161666 66666616 16611 66616166611 66666616
Ρ61666 1 66166161616666166 66166616 1 666616666616 swojej 616661, 66666616 616
66666161116166666.116661161616116666166111116166166, 1616616116
1666166 66666 6 6616 6666661611, 6616666 666666 166616 66666161616616 Βο-

166166661, 6616 6666166661 61611 616666661666616161666 Β61661666, 166-
1661 616 6 6661661616, 1616 116166616616, 16 666661 666666661611611 66616661
6666616616 gdyby 16661666 6116 66666 66166661 1661 6 61166661 166161θῦῑὲι ΒΨ ,

1661666,1166666666161611166661611666666111161666661. Α166166-
6161 6666161116661616 6166616616 6616666616 1166616666, 1166666 16616661
666666166616 1616 6116, 6161 obaz 1611666161616166161 616 66 61616666 666161
6 61616616161616616616166616. 066616 661666 6 616616666661 1661616616 Bo·

1661666 6666666 jego 666666 61611166 66661666 661611 6166166611616 6 66616- ³

616 hasla do 161166. Ale 1666161666 6666166 Μ1166166· Ρ66616 6 ’1666666

66116666668661661666161, 616 6166161 661616616666661 1616166166 Β616 ’

61666 16161616666616666 666661616. Β61 661 (16 6666 6 6166616 1661616616
Β61661666 11161661 16161611166611, 6666 6616616 6161161666 1661616616

Ζ6666666616, na 16166661 6616161666 66166616 6666161616 6666661666 6666166166 j
wedlug 661616666116661666666666, 6 6166666666 6661166616 66666666 66611 666·- 6
61611166611666 6661616 6666666161666 obozu. 111611 66666 1666 116666- ¹

· 6666616 666661666661616666661 66166616666616, 16161 6161161616 11666661661166,

116166 61666616 6616 6616166, 6166 je 6 666616 161166 6616661611 muru 6661661616.
To 66666116 6661666116 (166166 Μ66666666; 16116161 666 61666166166666 1666-
616166· 66661611 66 66666616» 161 11 666661116 66666616 16661666166666 61616

1 66616666, 6166616666 616 6666666666, do 1611166661 6661661611666661666. Ρ6666 ι
616 661666 Ρ61666 16666661, 1616666 6 Ρ161616ο616 616661 6166666611, 16166 3

6611666661666 166166611666 16 666111666616 16161661611666616611666
Β616616666666666611616666161666666166, Κ6166616611161666661616,
’ 6616666616 66616616 6661611 Wincentego arcybiskupa (1616161616161666
1 16666 6016166166 66666616 8661661666161666, 6166 6661616 6666161616

1

 

