1. 1410. 1111111111 11111111. 11

11111111 1111111, 1111111 11111111111111, 1 1111111111111111111 111-
11111111111 111111, 111111111111111111111 111, 1111111 SS. ’1111111 Β11111
111111 1111111111 1Ν1111 1111111 Κ11111111, 11111 1111111111111111111,
1111111 111111 11111111 Ρ1111111, 1111111111, 11111111 Anna, 11111
Κ111111111Π 11111 Ρ11111111 (111 11111111 1111111111 111111111111-
11 1111111111 111111 111111111111 1111111 1111 1111111111 11 11111111
11111). 11111111 Anna 1111111111111111111111 dni 11111, 1111111111
11 1111111111111111111111, 1111111111 11111111.

1111 1111111111 1111111 1111111 11 11111 1111111, 1111111111 1. 1111111111 -
11111 11111 11111111 1 11111111111111111111111 111111.

Ρ1 1111111111111111111111 111111111111 Β11111 111111, 1 811111 11111
1111111. 11111, 1111111111 1111 111111 1111111 1111 111111 Κ11-
1111, 1111111111111 1111111 1111111 Κ111111111. 11111111 1111 11111
8111111111 8111111 1111111 1181111 (8111), 11111 111111111111
111 111111 11111111, 111111 111111111111111111111111 11111111 111111111-
ru S. Κ11111. 01 11111111111 11111111 1111111111111 1111111111, 11-
1111111 1 11111111 11111111, 1 111111 1 111111 11111111 11111111Β111111
111111111111111 111 11111111 111 11111111, 111 111111 1 1111111111 111
1111111111 1111111, 11 1 111111, postem 111111111111 1 111111111111 1111-
11111.

1111111111111 11111 11111111, 1111111 111111 111111111111111111111111111
11111111 1 11111111 11111111, 11111 v 1111111111 1111111111, 1111111 1111111
11111 1111111111.

Ρ1111111111 111111111111111111Ζ1111111,111111111111111
11111111111111, 1111111111 11111 111111 1111111111Ρ111111111111, =
11111111111111111111111111111111111, 11111111111111, 1111111111
11111111,1111811111111111Κ11111,1111111111;1111111111
11111111111111111111111111111111111111111111,111111111-
11111;111111Β11111111111Β11111111),111111111111111-
1111 1111111111), 11111 Η111111, 1 inni. 011111111111111 111,
11 11111111 i 1111 111111111111111111111 1111 11111111111111111111-
11 1111111 Κ11111111,1111111111111 1111111111 111111 Ρ111111 1211-
muntem 1111111 11111111 1111111111111,11111111111111111-
1111, 11111111 11111111 1 11111111, 1111111 1111111111111 11111, 111111111-

 

