531 6666666666 66 6666616666. 661431.

,11666666.“ 111616 11166166 116166 Κ66166611, 661616111666 ro·
zumu, i 66666616 616116666161 66616666 1661616 61166 6666616661, 616116661-
66666 6661666616, 616166 ,1116666666 666616616616,166666616 6666
,6616666 661616166666; 1666 1616616161 11616 6 6166, 1116 6161666 6666-
,1111616 w 6116166666 666616 jej 666161, 66616166 66 616116666161, 161166 1611
,66166616 66 jej 6666, 616 616 16116 666161616 666616, 616 66661 16616666
,1 6661 6611666161 6611616 jej 6661611, 161616 61166661661616661666616,
,666666166166 16 kraju 616116 11611 16166666] 666616 66 66 6666661661
,6166161616 116166616661666161 61666 6666116661 616 6166616. 1616166 ,1661
,6666166666616 6661661 16166166, 666166661611166 6166661666 6161666116]-
,16616166661 661116616116 6661616 6 666161661666 1 66666 666616 ku nioj
,661161616; 616 61666 161166 16 16166166 66161 6 66616 616661, 61616116 66-
,66616 616 6166166616 6 16161661 6666616. 0111 6616166 ja 6666616 666661
,(61661611616666666 6166666661) 666116616 66116, 616 61616116 661611,
,66116 1666666, 616 66661 61616 1 666166 1661666616 666 6661611 166611 musi,
,16111 66666 616616 666666166616, 161 16 6666 6 16166666666616161616616,
,6 6161116· 11616166616616.“ Ale 66161666616 161166166, 661661 6116166661
66616, 616 1611 616 66666661 66666616 1 166616 6661666 1661661 1616616.
166666 61 1666 66666 66666 6616166· 66161611 6666616 do kraJu 16166666 666-
6616; 6161616 6666616 1666 661 1661116 6666166661, 6611666, 61661616116
66616 666661116, 6161 666166611616 66616 6616661 1 66166116, 61666 6666
166661 61616666 66616 6661611 6666616616 666161 66161116, 6161616166616
¹. Β666 661 16161, 116666161616 16161666 66 661616 1 66616 6666666666611161.

Ρ6666 6616 616666 1 16161611 1116166166 6661616661 616616 6 Κ66-
16616; 61666666661611611116 61666 66166166616 66616616 1616616616 Βο-
1661666 161166616116, ι1666 661666666 616616, 6 6661666116661 166661
1666116, ,616 66 666661 666666161116 666] 661611 1 66616116“; 1116616
666116 666 161616 6661611616 6666166666 16 Κ6616666 1616166666616668166-
6616 6666611. 1616661661 1166 66166616 1166661666 16111 6666616 66161,
6 11166616 1611666 61166661 6666161661 6161116] 66616161, 66666666116816-
66166 61661 na 161661 S. 1616161, 6 6616 6666166616 616 6611666 66661-
6161666. 1661166 66616616661 616 161166616116, 616 ju& 666616 66666116
6166611.

16166166 161616 1661611 6661666.

116166616166611616Β616616611161616066161166661606616, ¹
666166666 166616 6 1166616666 16661 6616166661. 11161 66 166661 666166 16 “
16666 6166661116 6666666 1661661666, Β61661666, 16661666 Η666616,

 

