26111511 (2515115111) herb 111 3593. 111145. 2115511115, 1111Ρ11515. 111. 01511. 2.

529. 639. 675. 676. 211551111511, syn 1111151. ks. 0111155. 479.
25155151. 115. 25151511151155. 21155151.

25155155 m. 435. 2111551611 51. 135.
25151111 5515111 36. 145. 260. 21115111, 01. 548. 560.
2515511115 1155115 32. 42. 72. 74. 75. 81. 99. 102. Przybyfflw Dzlk z 1151111165 445.

110. 122. 210. 222. 255. 260. 270. 277. 460. 2111111151 11. 85.

462 - 464. 472. 526. 2111111515 11. 108. 165. 283.

2515551111 642. 21111151112111115111 51 5. 135141175. 302.
2511611 11. 281. 474. 476

25111511 (2511551111 11. 103. 2511611 m. 314.

25151 dom 111. herb. 145. 2115151515 314.

251115 ν. 25155515555 372. 2111511115 1155111314.

2511515 11515 511. 36. 145. 409. 21551511, 01555 614. 615.

2511515 (25115115) 1155115111 Wagu 645. 21155515 55. 5551511511.

2515511 15. 102. 140. 155199. 214. 271. 283. 306. 2111111111. 199. 215. 271. 283. 472. 474.

437. 459. 489.

2515511115 1151515 36. 95. Β.
21151115 55. 2151555111.

21115111 11. 251. 2555 (1551155515. 586.
25511551, 3. 139. 176. 219. 234. 244. 247. 261. 2551111515. 11115. 289. 563.

301. 544. 545. 614. ’ 255111 m. i 1551. 86102. 105. 153. 155. 424. 510.
21515515 244. 247. 258. 261. 268. 301. 513. 540 2551551151. 182. 303. 548.

615. 2551115, 51111. 583.

2551111115 5515 111. 309. 256551 15. 362. 482.

2111115111 15. 456. 251511155 m. 108. 306.

2155155155151111111511. 7. 176. 495. 25115515 51. 606.

2155551115. 509. 569. 596. 616. 619. 691· 698· 25111515111. 2551151511551. 199. 214. 267. 283
2151155121111511515111111151151 m. 123. 211. 582· 251115111125611111151111. 145.

584. 610. 616. 624. 2561111111015111511151 (Η5111115111511450.
2555155511 (2151155111) 1551. 69. . 115111γή 1511511. 74,81-86.99. 100281, Ι
21511511 111. Rasna, 11111101. 300. 325. 405. 456 2115110215115511 581.

513. 2515515 51. 1 1151. 42. 74. 444.

2151151 margr. 1151511. 3. 2511115 51. 174

2151151115 1551. 650. 251515 219. 592. 568. 604. 650. 660.
2551151155 51. 10· 119. 251115 51111111 1. 251. 287. 418. 449.
Ρνυίῧογ 5109. 111. 157-159.163. 312279277. 1151γώ551 m. 519,

25111115 11551117. 8. 32. 72. 74. 77. 80. 81. 86. 99. 21115 herb 111 93. 530.
108. 192194. 139. 157· 910. 994. 955. 990- 2111151, 1551111. herb. 145.
458. 461. 25155515 111 17111. 571.
2511155511 55. 2155155111. 2515115111Ι 2551111555 588.
21111 11. 127. 2151555151 (2551551111) Ρ115515 51. 40161273.
2111156 11. 175. 2511511 (251511) 11. 224.
25111511 55. 21111155. 2515155 m. i 1515. 41. 74. 85.
25151551· 1 25155556511 66. 25115115 51. 416.
2115115511 2551551515 581. 583. ,2511151555 15111. 01. 514. 614.
21155551 2551 550. 2515 herb 111. 145.
2115611011 111 370. 474. ’ 25151515 1515151 (1151111111. 636. 651. 656. 661.
2115555151. 106. 280. 25551151 m. 5. 116. 217.

2115515115 251161511115 55. 25115515 (25115115) 148.
2115511611 11. 138. 2511555511 11551151 111111. 203.
21151551 ks. 011511. 225. 372. 2615 herb 111. 11. 62. 88. 375. 639.
2515151115 1155115 36. 25555 ’1 25155115 134.

2115111111 m. i 1151. 5. 65138. 209. 212. 320. 410. 251155 11. 585.

492. 25555111 (2111111115) 1551. 621.
2515515511, syn Bol. 11 01511. 2. 317. 2151111511 51. 135.

 

