11911991 1119911191 9111199919 11111111 (9111919191 11919191 1911911191 1 191
-9119191 1999919111 1911111191 1 [9111119111 έ91911191191119191991 (911
-1191911111111111919911 gs 191911 1119119191191919111191911 ι1111119111
11111911 ι1111111911119919111119199111911 191 911191911199 M 9191111111 191
9119119111199119911 19191111 1191191 1919111111 199111 11111 1191 119 ι1191
911111 1 9119111911 (191119 ι911191 ι9111191111911199 19191191 1919119111 1111
1119911199 1911919191911119 119199111111919111199 1111191 1111911911 91191111
19191911 9119191919111191 919119 91 111119 1111 11111 ί91911919119111191
9191191111 1919119919 11 1191111 19911119 119191111111 (19991 1911 11911 91911
-91911 919 1191119911 (1191111911 1919111911 9199111 1191119911 ,91911
1911199111 9191 ι9191119191 91911 911111191991119 ι9119111 91 9911111191
-111191 9119119191 11191919391119911111919111 1 91919 91911 9991919111
1191991 1119111191 1191911 1 1111111 11919111911911 911919 991111 (9191919111
111911 9111 1111199111 19 11919 11911111 (919911 9111911 119111“ ’11191111 111
91191 91 11111 (1191191919 191911911191 ι1199191111 1191111911 919 1191111111 1
911191111191119119111919 *1191119191 9111119 91119111 9119119191 11119111 1919
9119191911991 ’,1911919191911119 11111911 119111 9199111111 911 91919911 11191191
’9119111911 1919911 91111 1 9191 191911111 1 1119111 1191911 11911919191119 91111191
’ 11919191119111 191 9 ξ1191191191111111111191111 99191 (9911119111 191
-911919 1111 19191191 M ι1191191191 11191111 1111191911 91111 ’1111911 911191
-od 11111 191191 ,9119111191 1119111911 1 9919119 (9191191191 9191119191 1“
1991911919911 111911111191119 9111911 9191911199191191 ί119119 11911 1139111911
1911919111 9111199911 111199 111919 9 Ξ91191191 119111 1191119191 1191 11191919 1991
ι9111911911111111191 [9111119911 1119119191 1119111111 91911111 11111919 9111119191ις
-191 119911 9119119119 9191111911 93911 19 11991199 91191191 91 11191191Ιί
9111911191 ‘8921 ι11111911 ι119119 11919119 9111 91 111 91119111 111919 91119191ς
effi 99119191 ι1191911 [911919191111911111911111111 191 1911919111

· -111 ,11191919111111111911919111991919111 919199 9911111199191 51191

-911119919991 9 ‘393 1991991919119191 11 91 ξ91911 1919111111 1 11919 1191
-911911119191119191 9919911111 ι1111911 1111 191191 1111191 9111919110 1911911119
-1111 111119 91 1111 (9191119111119111111111 91 ι19991911 19119119 91119119
11111 1 119111 1111911119 1119911111 191119119119191191919911919119 11111919
(1911911911 1111119111 11111911 1191 11191911 9911999111 19199111 1911911199
ι1111191111911 191911 1919111111111 11191111 9119119191191 9199 1 ’1119191
11111919119111919111 (1111191111 91 11111111 1911119 9111 ’11111111 11191111
91191919119111 1119111111 111111 ί119111119119111 1 119191 19191119111

919111 1119119119 9 1111911111 1 9191191911911 ι9111191991
919191 91911 9111119 1191191911 1191111111 911911111911 1111191111911

611 ’99991911 1119191111 111119

 

