00 000 ’100 ’000000 orosto ’0008000 ’0

000000) 0 0000000000 3000000 00000000 0000000000 000000000οᾶ00 0 ι0000000000
000000000000 00000000 0000000000 00 00000000οΙ 000000 000 0000000000 ι00000000
00 0000001 00000 ί0000000000000 0000000000 0000001 0000000 0000000 0 0000000000
-0000 0000000 [0000 000 000 0000000000 ’0000000000 000 00000000 0000000000οΗ
00000000 'eu 00000000 0300000000 0000000000 00000 po 0000000000 0 000000
-000000 000ζο000000 0 0000 00000000 0000 00 000 ι0000000000 0000000000οᾱ
000 000 0000000000 00000000 0000000) 00000000ος 0000000000οΠ 00000
-000 0000000000 00000000 0 0000000000 0000000 0 000000 000 0000000000000000001
000οΖ 0300000000 0000000000 000000000οἀ 0 00000000 ’00000000 0000 0000000000
-00 000 0300000001 0000000000 00000000 (0000000000 0000000000οΓ 00000000 00 0000
-0000 0000000οἀ εο000000000 0 0000000000 000000000οε 0300000000 000000 000 03
-000000000000 00000000 0000000000 0000000 00001 (00000000000 00000 0000000000 0
(0000000000 (000000 000000000οω ι00000 ’0000000000 ι00000000 (0000000000 00000 0
0300000000 (00000 0 [0000000000 000000 00000000 00000000 0000000000 0300000000
0000000000 00 0300000000 (0000010000 [0000000000 0 000000 (00000000οω 0000000
-00 ί00001000000000000000000900000000·0 00000000 0000000000ος (000000

-00000000 0000000000 0000000000000 ’0000000000 0000000000 00000 ’
00003000 0000000000 000000000000000 0 0000 0000000000 00000 0000000000 0
(0000000000 00000000 0 0000000000000) (1000000000 00000000000 000000
-so 000 00000οΖ 0000100, 0000000000 0000000000 0000000000οι 0 ί030000 0300 0000000
0000000000οο 0000000) 0 0000000 000 ἑο00000 0000000000 0 00000 00000000 mxu
-000 0000 0000000000οω 00000 0000 ι0000000000 0 0000000 00000000 ί00000000
00) 000000 0000000 003 (000000 00000000 nm 0000000000 00000000 00000 00000000 0
00000 000000 00 00 0000000000 0000000000 0000000001 0000 0000300000 0000000 0000
0000000· 0000001 0000000 000 0000 000 0000000. op 03 00030000 ί00000 00000
0000000000 03οΓ 00000 0 0000000000 000000000ου0 0000000000 0000000000 0
000 0· 0000000 0 [0000001000 00000οΖ ’0000000000 0000 000000000οε0 0000030 0000000
0000000000 00000000 0000000000 00000000 0000000000 0 00000ος 000000 0000000
00000 0300000 0000000000000 000 00000 0000000000οᾶ 0 0 ι00000000 op 0000030000
00 000000 000000 ι0000000000 00000000 ι00000000 000 0000000 00000 ι[000000 0000 0
0000 00 ι0000000000 00 00003000οο0 0000000 00000000 000 [0000 00000 [00000

’ 0000000000 [00000000 0000000) od 0300000000000 00000000 op 03 0000000000

0000000010 00000001 έο0000 [00000000 0300 000000 0 00000 mnes 0000 00000000
0300 0 0000000000 0 (00000000000 0000000000 00000000 00 000 00000 (0000000
0000 00000000 0000000 00000000 0 0000000000 00000000 0 00000000 00000000 ι0000
-000100000000 00003 0000000001 0 0000 0000 000 000000 000 00000000 00000 ’000000
-000 0 0000000 0000000000 000000000030 0000000000 000ῡο000000ου 000 3000000000οο0
0000 00000000 0 00000000 000 0000οᾶ0 0000000000ιο 0000000000 0 ί000Γο0000 0000000
-000000 vu 0000000000 ι00000001 000 [0000 000000 0000000000 000 0000000000
0300000οε 0000000000 0000000000 0 00000000000 00000000 0000000003 000000 00000000

909 ’0000000000 111 0000000000 &gu-21

 

