560 1111111111 111 1111111111. 111439.

, 1111111111, 1111111 1111111111 w 1111 1111111111 111111,111 11111111

1111111111111111111111111111111111111 1111111111111111, 11111
1 0111111 1111111111 Krakowskiego, 1111 11111111 1111111111
1111111111111111111111111111111111111111111111111.211-
111111 111111 1111111111, 1111111 11111 111 1111111111, 111 11111111
11111111 111 mogi. Ζ 1111101111111 11111111 11111 Η1111, 1111111,
Β1111111 1 1111, 1111111 w 111111111111111111, 11111111111111111111-
1111111111111111 111111 11111111 1111111. 111 1 1111 1 11111111 111111
1111111 11111111, 1111111111 1111111 111111111111111111101111111, 1 11111-
111111 1111111111111111111111111111111111 1111111111 11 1111111111111111,
11111 1111111111111 1111 11111111 1111111111111111111111.

nou 1111111 mo.

1111111 1111111111 111111 11111111111111, 11111 11111111 111 1111111111 d·
111111. 111111111111111111111 111 1 111111 11111111 1111111 11111, 11111111 11
1111111.

W 11111111111111111 Κ1111 1111111 w 11111111 1111111111 11111 po·
11111111 111111 1111111111 111111 1111111 1111111111 1111111 1111111111
111111111111111111111111111111111111111111111111111111111111-
1111111 (1111111 1111111111, 1 111111 Eugeniusz IV 11111111 1111 11111 111-
1111181111,11111111111111111111111111111111Β11111111111
1 Η11111111, 1111 11111111111 1111, 11111 11111 111 1111111111 w Bur-
111, 11111 1111111111 1111111, 11111111 111111 1111111111, 11111111111111-
11111111 11111111 11111111, do 1111111111 111111. 11111111 11111 1111111111
11111111111111111111111111111111, 11111111111111 1111111111111 ja·
1111111111111111111111111.1111111111111111111111111 111111·
1111111 11111111 1111111111 11111111111111111111111 11111111111111
111 11111 1111111111111 11111 111111111111111 111111 w 1111 11111111 sobo-
11 1 1111111111 1111111111] 11111111111 11111 111111 1111 11111111111111111
1111111111, 1 1111111111 1111111111 11111111, 11 1111111111111111111111111-
11111111 do 111111 (11111111. 111111111 11111111 111111 111111111111111-
111111 1111111111 11 1111111111111 111111111111111 1 11111. ,111 pragnie,
,11111111, 111 1111111 Κ111111111, 11111111 1111 1111111, 1111111111
,1111111111 1111111111 111111111111111111111111 11111111 111111, 11111-
,11111111 1111111111 1111111111 111111, 1111111 1111 11111. (111111 1111
,11111 11111111111111 111111111111111 11111111 1111 1111111 1 11111111 1111
,11111111 111111 1111111111, 111111 111111 1111 1111111111 1 1111111111

 

