11411. 1111111111 11111111. 193

111 111 11 11111111111 11 111111. 111111111 111111111111 11111 11111111-
11111 1111111111, 1 11111111111111 1111111111 1111111 1111111, 1111111
111 1111111111 111111 111 11 1111 11111, 1111111 1111111111111111111
11111111111111111 11111 111111 1111111111111 11 1111111111 Kra-
1111111, 1 1111111 111111111111111111 11111111. 11111111111111111111-
1111111 Ρ1111111Ι1111 11111 Β11111111 XIII, 111111 1111111111
11111111111111, 111 1111111111 11111111, 111111111111111111 1111111111

’ 1 1111 111111 1111111111.

,1111111 11111111 11111111 111111111111111111, 11111 111111 11
,1111111111 1111111111 1111111111111111 1111111111 1111111 11111 1111
,1111111111111 11111111 111111111111; 1111, 11111 111111111 111111111111
,111111 1 1111111111, Ρ111 11111111111111111111111.11111. 811111111111
,1111 Pan, i 1111111111 11111111111111; 11111111 11111111111111, 11111111
,1111 11111111 1111111111, 111111 1111111111111111, 111 11111111 na 111-
,111111 1111111. 1111111111111,11111111111 111111, 1111111 1111, 11111
,111111111111111 111111111 1111111 111111111111 1 1111111111, 1111111 1111
,11111 111111, Β1111111111 XIII od 1111111111 11111. 1111 1111-
,11111 1111111 1111111111 11111111111111111111111111111111111111, 11111-
„maij 11111111111 111111111111 11111111111111111111111111111111111 1111
,1111 1 1111111 1 1111111, 111111111111111111111111, 1111111111111111
-„str0gami‚ 1111111111111111 111111, 11111111 11111111, 111 111111111111-
,111 1111111111, 1111111 1111 1111, 1 1111111111 111111 111111 111111 1111-
,1111111111111111 11 1111111111 1111111111 1 11111111111 111111 01
,111111 1111111111111111 11111111111111111111 1111111111111111. 1111 11-
,1111111111111111111 1111111111 1111111111 111 1111111111, sam 1111111
,11111111111111111111 11111 1111111111111 011111111 Ρ111 111111111-
,1111111 111111 1 1111111111111 1111111111, 111111 111 1111111 11 1111-
,11111 111111111. 0111111 11111111 11111111 1111111 111111 11111111111-
,11111111111111111111111 111111 1111 11111111 111111 111111. 111 111
,11111111 11111 11111 111111 1 1111111111 1111111111 11111111 11111111,
,1111111111111 1111111111 111111111, 11111111ῃὶ1 1 11111111 1111111111 11-
,11111, 1111111111] 11111111 1111111111, 1111 111111111111111111 1111111
1111111111, 11 111 11111111111111111111111111, 1111111, 111111, 1 111-
,11111111 1111111111111 1111111111 111111 1111111 Ze 1111111111 11111
,111111 1111111111111111 111111 1111111111 XIII, 11111111
,111111111111111111 11111111111111111111 1111111111111, 111111111111 1 111-
,1111111111 1111111111111111111111, 111111111111111111111 1111111111 111-
111111, 1111111111111111111111111111111, 11111111111111, 111111111111111,
,11111111 111111111111111111111 11111 1111111111 11111 111111111111111111
,1 111111, 11111111111111 11111 11111111 Β11111 1 1111111111111111111, 11111-

1111111ωὓὼ111111111. En. ¹ 25

 

