41444. 4444444414 111 4144414444. 111

,4144444 414 41414114 44114 444141411; 14 44444414 414 44414414 414 4 4ο-
,1441414 14114 414141 444444 444414141 1 4414141 ; 41414 44444 4114141 44441
,4414 41414441444414144, 44141 44144114 44144411 4144114144 4444 441441,
,411 41441411444141 1444444414 14441 1 144141414 4 4414 4414411.“

1114144144 14411 14141414 4414444 4444414 wuston, 441414141414444114141141
41414 v 44444414, 4 1144444 114 v 44444414.

14141 1411, 1114444 Ρ41444, 1414141 1 4144141444444144, 41414414
4444444411, 11141441144444414 4 4144444444141444, 1 4144441444 ’144114
141441 141 11141414144141 1441444 144114 41 444414 114444, 4141 141 44·
444441. 14444 44444441 14 44144411 4414411 414 4 141 4414441414441 1441444
144114. Sam 1411 1114144144 4414441 14 44411444 41414 44 41414114-
4414, ,1414 414 44 444441414 414 4444141 41414441444414144, 1414 444414
„jugo 4144414414, sam 44144 414 444141 44414 44 441414 1 44414 441441
,41444141414144,“ 41441414144444141441 44 414114 44414, 1444 41444 44444-
414444444444444144414414, 1 1441441 4144141444 441 14441444444144, 444411
4144 4444441444 44414 4144444444141, 1 44444 4144411 4444 14141414 44144444·
441 44114 41 414144 41444444 4 4444114 444141 4444444 1144444441 414 44-
44441114444441 144144441414, 1441 1414441414141444, 444441444414441441
4144444, 114414 41441441444 441444 41444441414144 1 Ρ41411; 1 po 4441444·
414 441 14444444144144144444444141, 1414444 414 444141444444441 414 44414-
414, 4414414444 4444144444 4414, 1414144 1 41444414144444 14444111 im 4414441
44114 4444144144. 0141444444 1441444 14· 1414 41414411444444 144144144441-
414, 444444 44144414 44 4444141444 44444414, 11414 44 4141444111 1 4144414411
1144444414144444Η44141444,1444411414441414114441441444-
1144 4441144144 44114, 4144444414 po 4414414414 4444411141 41414 414114
Ρ414114, 414144 4444414 44444441 44441 1444444414 44444, 4441414 po-
14141 41444. Κ1414 441 4 44141444οὲ41 1414444 4144114141 114 414114 44144·
14, 44141444 4414 414141 4 Βο44, 1 414 1444411 414444, 4441 4141114414444.
1414444444 41414141414441 1 41441414441 444414, 41114441 44414141 444444
444144411441441 141414444, 414 4414 14414 414444414 4444414 114444 144-

144441414 4441114444444441, 41414 J 44 Η44141 4444441444 44444444
114414 4144444444141, 4 4 441444 141 441441 444444144414 41441 14114441141,
4144441441, 4 44444 4441441444 4444411141 1144414 44 4414 4444144441. 114
1144 414 4444144444, 4141 14 14114 11141441444 441441444441 441414,
4411144444, 414 4414411 4 4414 14414441 414 44144414. Ale 1411 4 4144444144
4144414141414 ,111414 1 4441414414 41144441 1 4144444 4 414 44444444144444,
„J 44441, 14 114444 4 po 4144414 4414444 444414 144414 44414411 44444,

 

