1. 1433. 1111111111 11111111. 465

11111 11111111 1111111111 11 11111111 111 111 1 11111 11 1111 1111111,
111111111111111111 111111, 1111 1111111111111. Ν1111, 1 1111111 1111111-

111111 11111111 1111111111 111111 1111111111 111111111111111111111111, ’

1111 11111111 1111 1 11111 do obrony, 1111111111111 11111111 11111 1 11111 1
111 111111, 1111111111 1111111111 Ρ111111 11111111111111. 11111111
1111111 11111 11111 1111111111, 11111111111111111111111111111111 111-
1111111111, 11111111 1111111 11111111 1111111 1111111 1111 111 111111111,
11111 11111 1 111111 11111111 111 1111111111; 1111111111111111111111
11111111111111111111 111111, 1111111111 1111 111111 11 111111. 'Po
w 111111111111 1111111 111111 11111111 ,11111111 111111 1 111111111111111111-
1111; 11111111 111 1111111111, 11111 111111111111111 1111111111111111,
1111 1111111 1111111111 11 1111111 11111 1111111111 111111 11 111 111111-
11. Ρ111111111 11 w 11111111 11111111, 11 111111111111 1111111111111
111111 11111111 nich 111111 1111111111. 111111111111111 111111 11 1111111
1111111111, 1 111111111111 1111 11111111, 1111111111111, 11111111111111111
111111 111111111, 1 11111111 11111111111111111111 111111111 11111111 1111-
111. 111111111 11111111111111111111111111 111111111. (1111111111 111-
1111 1111111111 1111111 111111 111111 111111111111111, 11 1111111
1111111111 1 11111111 1111111111, 1 11111111111111 111 1111 11111111 111
111111, 111111 111111111111111111 11111, 111111 111111 1111 11111111, 111· '
111 111111111111111, 111111111111111111111111111, 111, 1111111111
11111111 11111 111111 1111. 1111111111 111111 11111 111111 1111111111
11111111 11111111, w 11111 1111111111 1111111111 111111111 1111 1111111
1 1111 do 1111111111111 1111111111 1111111 11111, 111111 111111 1 1111 gi-
1111, 11111111 11111111, 1111 111111 11 1111 1111111. 11111111 11 1111111
111111, 11111 111 1111111 111111 11 11111111111111, 11111111111111111111111-
11, 111111111111111111 i 1111111. 111111 11111111111111 111111, 11
1111111111 1111111 1111111 1111, 111111111111111 do 1111111111 111111
111111, 1 1111111111 1111111 1111 1111 1111, 111 111111 111111 111111
111 11111111. 1111 1111 111 111111111 1111111, 1111 11111 111111 111 11-
in, w 11111 S. 111111 1111111111, 1 1111, 1111111111 11111 1111111111
1111111, 1111111 1 11111111111111111111111111, 111111111111 111111111-
11111 1111111111. 11111 11111111 1111111111 11111111111,·111111 1111111111111
111 1111 111111111111111111111, 1111 1111111111111111 111111 111111111
111111111111 11111111. 111 1 1111111111 111 11111111 odwagi: 1111111111-
111111 1111111, 11111 111111 1 1111111, 1111111, 1111111111, 11111111
, 1 1111111111111 1111111111111; 11111111 111 1 11111111 111111 1 11111111. 11-
11111 111 1111111111 111111 1111111 11111111 111111 111111 11111111111 111-
111 1111111111. 111111 11111 w 11111 to 11111111111, 111111 1111111111
11111111· 1111 1 1111111. Po 11111111111111 ,11111 11111111 11111, 111

J. mnam 1111111 1111111. K». xl. 59

 

