496 1111111111 11111111. 111434.

11111111 11111111 111 1 1111111111) 1111111111. 1111 111111 1111111111
11111111111 11111111 111111111111111. 1111111111 11111111, 11 11111111
11111111 mu 1111 11111111111 1111111, 111111111111111111111. 8111111111
1111111111Ρ111111111, 111 111 1 1111111 11111111, 11111111111111111111111
11111111111111111111, 11111 111111111111111 11111111 1 111111111111111-
1111 11111111, 11111111111111111. 111111 111 11111111 1111111111 domu,
· 111111111111111111111111111111111111111, 111111, 11111111 111111111 1ο-
1111111111111111111111111111. 011111 111111 1 111111, 111 1111111111-
111111111111111 1 11111111111111, 11111111111111, 1111111 111111111111 11
11111111 11111111111111. Ν1111111111111 1 1111111111 11111111 1111111
1111111111111111, 1111111111111 111111 go 1111111 1111111 1111 1111111111.
Ζ 11111111 11111111111111111111 11111111; 1111111 11111111, 111111111111-
11. 1111111 1 11111111 11111111 1111111111111 1111111111 11 1111111,
11111111111111111111, 1111111111 11. 111111 zam-
111111111111. Do 1111111111, 111 111111 11111111111111 1 1111111111, 11-
111111. 11111111111111111111 1111111 1 111111111111111, 1111111111, 111111-
1111, 1111 1 11111111111 1111111 1111111111111111, 1111111111 1111111111111-
111. Ρ1111,111111111111 11111111111 111 11111111 111111111, 11 111111
111111111 1111111111 111111 11Β111 11111111, 111111111111 111111111. 81111-
11 1 111111111111, 11111111 11111 111111 111111. 11111111111111111111-
111 11111 1111111. 1111111111 111111111111 11111111111111111, 111 11111
11111111111111111 1111 1 1111111111, 1111111 1111111111 1111111 11111111
11111111 11111111 1 11111111, 11111 1111111111, 111111111111111 11-
1111111111, 11111 11111 1111111, 11111111111111 11 1111111111 111111
111111111. 1111 11111111 111111111 11111111111 111111111111111111111111111-
1111, 1111111111 1111111111 111111 1111111111111 11 111111111 1111111111
1111111111. W 1111111 11111111 1111111111 111111 1111111111111111111111. Ι)11
111111 1 1111111111111111 1111111111 1 1111111111, 11 1111111111 1111111111
11111 1 1111111111111111111 111111 11111111 1 1111111111. 11111 111111111
-1111111111111 11111111 11111111. Ν1111111111111 1111111 11111 11111 111
111111 111 11111111, 111 111 11111 1 1111 1111111111. 01111 111111111111111
1 11111111111111 111 111111; 1111111 1111111 1 11111111 1111111111 11111111 11-
1111111; 111111111111111111 1111111111111111111, 1111 1111111 11111111
1111111111, 111 11111111 11111111 1111111111, 1 11111111111111111111111-
111111. 1111111111111111111111111,11111111 11111; 11111111111 111111,
kun, lis6w i 111111 1111111111 111111111111 futen 11111 1111 11111 111111
11111111111111111111111111, 11111 1 11111111111111 11111 Ι11111111 1111111
11111111111111111 111111111111 111111111 1111111111 1 nim 11111111 11111-

1111111. 111111 1111111111111111, 1111111 11111111 111111111 11111111
111111111 1 drugimi: 111111 111 111111, 11111 111111111111111111111,111111,

 

