1. 1411. 1111111111 11111111. 191

1111 111611111 XIII, i 111111 16 01111111, 1111111 (111111-
1111 XII, 11111111 11111111, 1111111111 116 (11111 111 1111 1111111111 1111-
1111111111111111111111116 116111111111. Ζ111111 11111111 1 11111111-
111111111111111 Β11111111 11111 1111 XXIII, 11111 111111111111
11111Κ1111111111111 1 1111111111 111111111111111, ,11611 111 11111111
,11111111 Β11111, 11111111 1111111111111 11111111, 1111111111 1 1111111-
,11111 11111111, 111111 11111111111111111111.“ Aleon, 1111111111 11111 1111-
111111111, 11111111 1111111111 111 111111 1111111111111111111 11111116,
116 (1611111111111 111161111; 1111 1111161111 1 111111 1111111, 111111-
1111 11111111111111111111111111111 111 11 11111 1111611111) 1111-
1111 111111111111111. Pomm, 1 11111111111111 111111 1111111111
11111111111111111111111111111,1 (1111116111111111111111-

1111, 1 w 11111 (11111161 111 1111111 w 1111116111 11111111, 11111111
1161111111 11111111111111111111 1 1111111 1111111161, 11 111111 11111111111
111111. 11111 111 11111111, 11111 11111111 ΧΙΙ, 111111111111111111-
111111111 11111111, 111111 11 11111 Κ1111111111111 11111111 11111

Ρ11111111111111111111, 11111 11 111111111111 1111111111, w 111-
111 11111111 1111111 111111,11111111 111111111111 116 11111 ,stat
,111 11111 Anio-Ia gmin 116111111111111111111111111( (Facta 111 111111-
1111111111111111111111(11111111 exercitus) 1111111111 111111 1 11161111 11116-
111 1 111111 (1111111111111, 1 1 111 11111111111111 1111111111, 111111
1111116 1111111, 111111111111111 111111111 111 1111111111. 1111111111 1111-
1111 11 1 111111, 1111111111 111111111111 11111 11111 1111111111 11111111
1111111111111111111 1111111, (11111111111 XII, 1111111111 1111111-
1111111111111611 11111111 1111111111 1 111111111111111111111111, 11
111111111111 11111111. 111 1111111111111 111111161111, 111
1111111 1 1111611111, 1111111 111111, 1111111111 11111111111111111111111111
1111111111111, 11111111 111111111111111111111111, 11111 111 00-
1111 1111 111 11 1111111111 11111 11111111 1111 1111111111,
1 111111111111 1111111 11111111, 1111111111 1111111, 111111 1111111111-
111 (11111111 11111111, 1111111111Ρ11111611, 11111 w PerpI·
niano 11111111 1111111 1111 1111111111 w 1111111111 11111 11111-
11111111 111 111111 1111111. 111 111111 111111 Zygmunta 11111 111111-
111111 1 WQgierskiego, 11611111 Ρ1111 11 Luna, 11111 Β1111111
XIII, 1111111111111111 1111111 1111111111, 1111111111111-
11111 1111111 gronam 11111111111 11111111 111111111111161111116111-
1111, 1111111 11 Κ111111111. 11161 111 1111111111 1111111111 111111
11111111 1111111111 1 11111111, 111 111 111111 1111111111, 1111111111111111
111111111111111111, 111111111111111111111111111111111111
1 1111116 11111111111111, 1111111111, ,11 111161111111 111111111111111111

 

