0. 1439. 0000000000 00 0000010000. ἢ 167

0100) 1010101101, 00100 Βο0010 ι1011 0001000011 010101 'Eugeniusza 0010-
1100, 1 0000101 go 00000 00000 001110000; 1110001 00 1000010000ος 0000010001
00100, 1 0000001 do Ferrary, gdzie pod 10 0000 0101 00010 10000, pa-
010010, 1 (10101 0010100000] (100000 00000000 0 1111000001 00001011, 0 00-
tem do 11100000 yi go 0000011001. Γ1000000000) 00 0010000 Βο001010110)
00000000 00001010 0000000010; 01100100, 110000 1100001000001 10000-
1001 11110011οι00 00000101, 00 00100 00010000, 0001000 sie 001001 w 0010 „
zjednoczenia (1000110 j 000101, 0000000011 1110000000 0110 1101100 1001
000, 1110001101011 0000010001, 0000001011 1010101001 1101111010110000,
0010011 Αο00100; 1 00 1010100 00100010 10110 010000101000010101 0010-
0110 00010 0 000100 0010010, nie 100 0101110000 0000000101 0011010010, 101 ·
11 0100010010, 1010101001000101 01010ν 0001101 000οι0000, 00 00000010
101010 0001000110, gdyby 0010010 Βο00100 010 1010 0100100 [0001010 do 10-
101010 1 010 0000010110 000000, Α 101, 110110 1000100100Ι 0011000011 00100001
1100110, 0οι01 000100 0000010111 0000000010. 0110001001οω 00000 00001010
0000101000 spory i 0101001 00100 0110100 0010000 0 00010100. Julian 000010,
10010001 101010 S. 101010, 00 000010010000) 0010000 00000010100000 1 legat
stolicy Apostolskiej, 0000 001010 1000011 100100010001, 0001010000 00100 udal
010 101110000000 01 001, 111000 0001011 00 0010000, 00001100 0011100000
000100111 0010100001 0 00001001 0001010 Eugeniusza, 0000100010 0010-
100010 00001100) 0101011 go 00101100,10010011 00010100, 1000100000 1010- ’
1001080100101, marego 0000011 1011000011. (1100010101001 1 Eu-
0001000 1 Felix, (110 0000010010 00000 0100010100, 0 01010 001001001-
00001 000110 0010000011 1001000110, 21100100 110100 1100100011 od
jednej i 01100010] 010000010000 000101 1001000100, 1 0110101000 0010101
00110 0000110100010. P0 01010 001110 0 (10001101 00000000)οἱ 0000001)
0 00010100010 110010 S. od Syna, 0 00010100 1 1000 0000101010 01000, w 111- -
0001 1000101 00010101 011011 010 0100010101000, 0001000110 000010 0000100
1 10010011, 1000001110100100001 0001010 0010101000. Patryaroha Konstan-
tynopolitafiski 10001 po 1000 0010100010 0000101ῐο 000001, 10110-
0000001 w 1010101010001 0010001000010101011000 00010000)1 000101. 000000
01000001000-1010011 11000110] 11100110]Ι 000101 1010000 00000011, 1 je-
(100110000000100 0010011, 11100101001100-10 110010 [100110 000010, 01010
10000001000101 0 010] 00010110. 11000110 0101000000100101000010] 010100-
1011, Eugeniusz 0 0001010100 000101ύο (10001101 01000001 1001000100οἰ
(10101 10110010, 000010010100001 1 00001010100001 0001όο, 101001 Βο000010-
00110100οΝ100101100011001000000011010ρο1111000110ςοΒο0-
000100 000101 0110000100 Izydor 001, 0101000000 00001000 100100010110, ¹
do Konstantynopola [00001011. Το0010 10100110 0010100 0010000) Bazy-
lejskim 0 00010100) (110010 zat-argi, 00100010 0110 010000 0000010 00110

 

