318 0000100000 00010000. 01430.

,1010010 1011000110οο, 111. 0000000 0100100000 10010, 1000111010οοοἰ
,111101011000 1 0000 10011010 0000 1010101001 010101000, 10 00001000
,1000010 1110 10101010000010, 010100 0000000000 01011100 1010100100 01000
,11110101011010000 1001101011010101000 0100001010 1010000000· 0001100000,
,0 01010100] 1100001010οἰ 0000000 100111000001010101 0010101011, 00001,
,000001011101000110000011ε My, 000001010000 010 10 000110 101 01000000Ι
,1 0000010111000, 00001000, 11 10100 0001001000, 00010110101 1 10101010100,
,00101οε 00100 010010 111100, 00 00000 1111010 00110 110001000 110-
· ,011000 00101000, 1010101 010001 Ηο1001, Ηο001001 1 1100100100,
,0 0010100001 10 0000001, 010000101001, 01001001, 0010001, 1010100001,
,10010001 1001010001, 1001010001 1 00000111001 0000001010101010001, 01000100
,0001011011 001 100100 0 0001000 00 10000100 001010, 1111001000
,0000 0 0010110οἰ, 0000000011 1001001001, Β10000 0010100101 0 0001000
,0011001010100001010,10100101100000018100000011001000100
,Κο0001 0 01000001001100 00010101, 000001110 00100100 101001010-
,10101001 101001000, 0100000 1 0010 0001001000, 11όο0 00000000 1010101111-
,1001011, 110100, 100110101 101010 0100010 0001001000, 000100010 1 00 0000
,101000 00000 00010101, 0 1001 000001 001 10000 0000100010 1 0010000010 110-
,00101 0000010101 1 010010, 0 00000111001101001010101010001, 0101001, 0000-
,0000011001000011100101001, 00001001, 101001, 010001, 01000101, 100001,
,100001,101)000001, 10000001, 0000110001, 0011101000, 010000101000,1)0-
,00001 100001, 0001000001, 0001001 1 01000001, 0010001001, 0010100010οω,
,0100001110101001001001, 10010001, 000000001, 0010000001, 00101001, 000-
,00001, 0001000101001000000000001, 0100001010001, 0010100001, 0010010001
,01000001 1 1000001, 01000001, 10000111001 0010100101001010000 101100-
,0110 00011001 1 0000001001, 01 1110001 0000000000 10101001101000, 10-
,011010 1010101100οο 0100100 000000 0001010000; 101000 0010010 010100·-
,0010 0010100100·οο, 000001000010101000000 000001011000100101001 000000.
,10101 010000100, 10 000001110 000000000000 0010010, 00000 0001001000οο
„Alexandra 11110110 010111000 1010100ἰο 10101010011111000110000, ¹
,1010100001 1001101011010100 010101000 1 00010000, 1010101 0000011000οἰ
,1 ich 101011001 00010001000, 0000 0101 0100001010 000 010010000000. 11000-
,00001001000010100 0000000000 1101000, 10011010 1101010 101 1010011010
,00101 0010000010 0001010001 0000001, 101010100101,1010000010001 000000-
,0001011101 00101110, 110100 1001101 01000001 0010 1 0100001001 00010-
,1000001 Α 10 00 0000 1 1010100100 010100000οο 01000, 000100000οο 00000,
,010000010101100010 1100οΤ001οο1, 0101001 001000010 1001000 000100
,1100000010 0010 Ρο01011000 100100000οο 001000010010000 1000101001000. 11010·
,000101 0000001101 1 110010100010 000110, 1000000 00011 (101000110111-
’,10010110001000011010000100011000, 0010001110 1100010110

 

