101413. 0110100101 01010000. 143

,1011001001 11101000 tege& 1111001110 Pelskiege 00 0100100 01001
,110010 1 01011010οη10 1010001101. 110110, 001101110110101010011100111100-Ι
11101, 101 101011010110 101011011011001110, 1010110101ιο 1101000110,1010
,10 1111010110ωο 1 100101 00111010 1001000010, 0110 0 11110110101
,1000101 10010010, 10010001001 1 10101011101010101010110111010010 1101101110
,101 00100101, 0001011, 11110110101 110001010101000 (eonsuetudines),
,001101 11001 01101010 001001000ος0 0 1111001010 10101110. 1000010
,10110 01100110, 101010010 0001000 1010010011100011010, 0100111110,
,1111110001100000101 111110011ος0 101011011010 1010101011111110 01110-
,10000011010011 01100100100, 10010 00100101 00110 00100101 1 11110110110
,0001010101 0 00101 1010101101οἰ 011001, 101 1010 101 0110010 1000010

,1 01100110 111100100 Pelskiego. NiemnieJ‚ 11001001 1000010 1011110110 .

,0010 11101110111 10110 00010 01011010, 10101010 1011000010 1 01100110
,011110010ῑο 10101110. 11010010 10110 1 10010110101, 0011110010οε
,0111101010 110100 01101000 1 00010 1110010101 01001001 01010111000, 00100101
,101110 0111010001, 1010100101, 10010 1000100 01010111101 1010001,1 00010-
,101011101 0111011, 10 010101110110101001 101001001010 0001110, 101111010
,1011010 01110101, 10101000 101 101001100 10010001111010000 11101 00101
,101 00010011 01101011οω1, 001101 10101010 10100100οθ10 0 1111001010
,1010111100 ’1111 1011010101 10111010 111001 010 10010 111 1011001000
,100101 11111110111010101, 010 1001010110100101 11101110111 0101 1 000011
,1010101001 101 10110 1000010 1 0110011011110010οΡ01011000 1001011110
,1001101 0011 00 0011 01100010 011101. Ρο1010101 100001 100011 0010111101
,1 001001, 11110 111011101001010010101 101 1 0010010 0001000 1001011010
,1110 10010101 10010, 00100 im 101110 1011010011, 10110110 01111001010
,1010111110 10110010. (11111101, 0100111, 1100001 1001000010, 1100100110-
,00010 1 01100110110101 1110101101 1010 100111 01100011011010101010-

,11110, 1001 0011010100 10 10101111 10010 001100 0001 1011, 0110101010 ’

,0111101010 10101110] 01 100001001001000110. Κ1010 101101 01011000-
„bed i 00100101, 1000010 0100101001 1010101010011001110 01000111 11011
¹ ,(1100 expeditionales) i 01101011010111, 001100 10000101110101·
F ,01010 Ρ111011101101110 010 10 0101001100 100111010010, 10 0011001 1000010
,1 01100110 110011 1110001101 01001 1010 0010100 01011001 01010011
,10111010101010 111101110011 nem 1101101000οἱ 1111001 11101100-
,11001 0101110100 10101οο10 11100011000, 1011101 0001110 0001010010,
,101101 10 0101010 10000101 01100110111100100 Pelskieg0; 00 00 110-
,01001 1000010, 1010100101 01010111001101011110001101 1101111 0001101
,10101000 101 10 01101οἰ01 011000 011 1111010001, 11111 11000101 111100100
,1101011010 0001101010 00110 011101111. Ρο1010101101 111101ος0 1 1010 011011
1111101110, 01000100 im 1011101010101 1010101010, 100010, 110110101010101

 

