XI

1010110111 (1111013019) ιιι. 159. 160. 362. 433.¹1(ow118wo (82010211801811108 m. 11111. 40. 280.
647. ¹ Kowin 1ιιιιι. 650.
1111111 081111011j. Kowno ιιι. 113. 175. 202.
1111111101 (11011001) ιιι. 42. 11011101οᾛ m. 315. 512.
11051·γή ιιι. 174. 1101111111 m. 1. 44.
Kobyler'nki 01111101). 1101111091 herb 111. 38. 93.
110111ωοί1111 1111111 Prus. 32. 88. 91. 93. 137. 11011611 ιι. 14.
151 - 154. 179. 202. 204. 272. 278. 1101011 1111. 650.
' 1100111101.Κ111ιιι1 1111111425.
110011111111145. 11111611 ιιι. 8. 10. 113. 115.117.119. 135. 140'
110Ιά1, herb 111. 145. 152174. 178. 190. 199. 211. 237. 250. 251¹.
’11010 m. 458. 462. 562. 263. 268. 289. 290. 292-294. 303. 305. 315.

Ι Κο1011γ11 ιιι. 174. 322. 352. 369. 404. 405. 426. 431. 434. 438

Κο11γηὶ1ιιγ (ΚοΙὶὴΙιιί) ιιι. 148. 454. 456. 486. 488. 489. 501. 503. 515. 528.
Κοιιιιιηο m. 111ιιι. 573. 585. 532. 535. 538. 562. 564. 565. 570. 571. 605.
1101101011Κί ob. 11110111'. Krakowinnie 405. 407. 411. 462. 490. 517. 518.
1101110011 ιι. 1586. .. 548. 559. 621.
Koncan Sukkowioz 145. ΚιιΙιονιιΙιιι 1111111 35. 364. 462. 495. 506. 528.
1131915019 (1110111111) ιιι. 160. 562. 580.
110111 m. 199. 269. 462. 473. 474. 1111101111 1111111111 439. 627.
11011110 11051111101124. 40. 61. ΚιιΙονιγ dw6r (ΑυΙ1 regia) 11111. 217.
Κοιιιιιά 1111111111 11. 01111. 39. 55. 63. 66; 130. Κιιιιιγιίιιιν ιιι. 175. 251. 311.

157. 158. 225. 433. 1111111ιί01 (1111111ρηὶ111) ιιι. 610. 616. 617.
1101113 01111γ11.]1011οι1. 235. 111001ον1111 1111110111. 67. 74. 367.
Kourad 1 Ropkowa (Roplow) 40. 118. ΚιόΙονιΙοο (1111111019) ιιι. 11111. 40. 74.
1101110 Η111111040. 1100111110 ob. 1 811.
1101111 1 frankenberqu 200. 1110110 ιιι. 138. 209. 252.
11011111 arcyb. Trewir. 227. 111011 (chrm) ιιι. 148 ·
1101113 arcyb. Prag. 218. 244. 1111115019 ob. Kluczborek.
1101111 1111111101 89. 91. 96. 272. 111111ονιὶ11 1111. 650.
Κοηιιᾱ ν. Τιιι11444. 111111ψί01 1111. 337.
11011111ογ1 ιιι. 139. 164-166, 171. 175. 176181. Κιιιιιγιιι, 01. 245.

188. 191. 195. Κιιιιιγιιι 1 (1110111 390. ,
Κοιιιίιιιιιγιι 11111 111. 413. ΚιγιιΙιί ιιι. 482.
ΚοιιοίιιιιιγιιοροΙ ιιι. 665. Κιγ1101111. 70110. 167.
1101101 herb szl. 145. - Krysfyan 1 Ριιςιί 474.
Kopczowski ob. Urban. Κιγειγη 1 0111011 22. 37. 146187. 251. 234.
1100011111 zum. 650. 291. 323. 413.
Κο101111γιι ιι. 452. Κιγ11γιι 1 Κο11191611 38. 146. 414. 527.
110ρί110111ιί ob. Przedpelka. Κιγι1γη 11111Κ1011ιι. 146.
ΚορΙιί ιιι. 5. ’ Κιγ11γιι Magium 1 Gowonyoowa 93.
Κοριιγνιιιο (ΕιιῃοΙιΙιοιιι) 0111119011 ιιι. 41. Κιγ11γιι Nieborowski 111. Ρ100. 308.
11011509, 1111. 23. 26. 367. 438. 1111001010 ιι. 115. ·
11010111 herb 111. 585. 1111οωί01100 ιιι. 1 ιιιιι. 174. 200. 401. 419. 608.
11010111οωί0, dom 111. herb. 36. 93. 145. 11110ρί1011. 178. 298.
Κοιοιγη 01110111111110. 1111111010101113011.
1101ον1, Litw. 145. 110111110111 31111428.
1101111101,11ρ11ιι 11111011. 642. Κηγὶαογ 2. 3. 6. 8. 1113. 17. 22. 24. 25. 27.
1100010110 ιιι. 87 - 89. 32-58, 73. 7579. 87. 88. 90. 95. 115. 124.
’111111 m. 111110. 288. 480. 181. 188148. 188182. 188188208-804.
1101111, 01. 8. 210. 213. 221. 222. 224. 240. 242. 246. 252.
1101111110 (00101111) ιιι. 526. 254. 262. 268. 269. 271. 275. 277. 278. 281.

Κοιιγοο m. 123. 124. 130. 209. 230. 571. 610. 284. 309. 311. 313. 358. 371. 420. 424. 427.
616. 617. 622. 623. 624. 436. 437. 444. 446. 449. 455. 456. 457. 558.

xo* 1101111, herb 811. 145. 460. 471. 472. 477. 479. 483. 509. 510. 511.
1101111 1111111. 74. 165. 214. 240. 516. 528. 648.

3

 

