61420. 6666666666 66666666. 141

161666 1616 w 666666666116, 16116, 611666 6666666666 616 16666, 6616611
6666 6 666166 161666, 1 66161666661666666661616 16161616 1 6666161111616-
16, 661166666116 ogni0m‚ 6 16616116 1 161 obojoj 6161 6666 61616161 66-
16616661. Β616166666666666116661661 66116 61666666161616, 01611-
16661 6166661, 111666 6616 61611 Η16166111616616616 161 61616661
6161116161 6661616111 11661661. W zamku Wyszegradzkim 66666 616666·
glad dojmowah w 6161661611166116116616 16666161, 161616616161166161616
616661616661666616166. 166666616 6161616661 6116166166, 16616 66116166,
idoli 1611 26616661 16 1616 66666666666 616 666661616 im 66 6161666
61666 6166 6666666666616 66661616, 16 1166666661 6616116 66666 666616-
616 1666666166 16161 616 61666661.

16616616 166666 6166616 1111661666νί 1611661 1616116666 166666 onom: ι 1661
66111 6666661661 16 11166 6111116616 16161616616111161166666161616, 166·
166 mmmm 616 v 11166616616661 z 6666161616616116.

Ρ6 6116166661611616 1666661166, 111616616616111616116161
61616116116666, 16161 na 6661166116 jego przybyli 66616616 (166666,
661616,1116166.1161161616(11616166), Η61666161166666666-
wa, dwaj 6116616116ςί 66666 Simon 1161116616, 1616161 ‚Ian Kar-
1666166] 66666, 1 Piotr 1661111661661, 66616616166661616666661
66616 (16661161, a 6661666666 Kruszyny i 166616. 1616 im dano
66616616116, 666616161611 666666666161661661161666ι ,16616 1661616166666
,116116 6611616661 1666666 16116 1166611666 11661666, 6666111666 66-
,166616 1666116616 16116 1166661166611166166611666 66666 wy-

, ,6666166616 61666 1666616616 6666161616, 61616 6616 16161616 66666 1 66616666

,6666161 66666116 (16661 1 6166116616 1611661666 1166611666 66 61611,
,6616161666 6616661 6166666666661 nam 1116666166, 66666 6161 6666666
,1 661666116166 66 66166 16 61666616 666666Ι 16666, 616661616161, 16 1666661
,616 616616161616116661 661 166116 616 6166666116, 61616 66111 6166661616
,Ρ66666 66666116 1661 61616 1 6616166 16 661 jogo 1666161116, 616
,666616 666666 1611661 6666616 w marach 6116616 661661. 1666 616 my 61-
,66661111666 jak 666661666611166616, 6616661161616166 1 6611666, 66616- ·
,666166 6661616 66666 66666 6116; 6661666666 666616 66666111616161661
,6661616661 nam nieprzyjaciol 1616161116161661161, 61666661 1616116-
,6166 1166611666, 6616166661 je 6661666, 1 6161166 Ρ6666 66666 11661 ozas

„w 6116166161 16661161. Ale 611666, 16 jej 16161 616 61616, 661161 166666 na-
,666 1611666616, 161111 6611161616161661, 616616, 161661, 116666161666611·
„kin 661616 161166166116616661 11611 61166666, 1 616661 1166 66161116 116-

 

