1111111111111 111 11111 ,111111111111 1111111111111111 1111111111ς
-11 111 111111 1111111111 ι1111111111111 11111111 111111 11111111 111111Ιι
1111113111 1111 511111111111 1111 11111111 (1111111111111111
ι11111 111111 111111111111 έ1111111 1111111111 111 1111111111111111“

*1111111 111111111111 1111 111111 11111111111111111111111111111111 ·

,1111111111111111 1111111 11111 11111 1111111111111111 1 11111 111 ι1.1“
-111 111 111111111 11111111 1 1111111111 1111111111 111 111111131111111“
111 111111 1111111“ ’11111111 ι11111111111111111111 11111 ,1111111111111ιι
-11111111111111111 111111 111111 1111 ι1111111 1111111111 111 13111
111“ ι1111111111 1 111111111 M 11111 11 1111111 ι111111111111111111111
1111111 (11111111 11111111111 1111111 1111111111 1111111 111111111111111
-111 111110 11111 1111111111 111111 1 1 (111111 up) 1111111111 1111111
1111111111111111)1111111111 11111111 11 1111111111 1 11111 1111 11111111
111 111111111111111 111111111 1111111111 11111111113111111111
’11111111 111111 111111111111111111 111111 ι111111 1111111111 111111
-11111111111111111111,1111111111111111111111111’111111111111111κ

11111111(1111111111111111111111 1111111 6111111111111 111111 11111111ι
111 1114111111 111111 1111111110, 11111111, 1 111111 11111 1131 11111111
61111111111111111111111111111 ί11111(1111111111111111111111111κ
-111111111 ,11111111111111111 111111111 1 111111111111111111 111111

11111111 11111111 1111 11111111 11111 11“ 1111111111111111111111111
-1111 111111111 111Ι 11111111 1111111111 ι111111 111111 111111111111 1111
11111 11111111 1 1111111111 111111 1 1111111111111111111111111
111111111 ι1111111111111111111111111’1 1111111111 111111
1111111111 111111111111111111111111 111111111111111111111111
111111111111111111111111111 ’1111111 1111 11 1111111 ι1111111
1111111 11111111 1111111111111111111 111111 1 11111111111111 (11111111
1111111111111 ι111111111 11111111 1 11 1111111111 ι111111 1111111111 11
-111 1 ι111111 ι11111111 1 111111111 111 11111111111111 1111111111 11111
11111110111111 1111111111 11111111111111 1111111 1111101111111
-1111 111111111111 11111111111111 11111111111 11111 (111111111111111
111111111111111111111111111111111111111111111111111111
*1111111111111111 111111111111111 11111111111111111111111111111111111
ι11111111 1 1111 1111 111111 111111111111111ι 1111111111 11111

111111 1111
111111 1111111111 1111111 111111111 11ἷ111111111 1111111111111111111111111 111
111 111111111111111111 1111111111 1111111 11111111 1111111111111111111111111

’11111 ’11111111 1111111111 111

 

