-91191 (91191191 1911911 11911919119191111 1191111191 ι1119111911 111119
91113 11191 ι1991919 9119911191 911 9111111191 111) 1191119 9111911 91991“
111919999 999199 1 91119 919 19119911 1911191191111 1911991191111191911“
919 ι111111 1119191119 111911913111991111919919911 ·1911119111111119“
11991 1999911 9119119199 91 ι91919191 939119119191 93911111 9911919κ
-911911 1 ι93911 919119 1 991191911919939111 1191191191991 1 1911919191
11911111 91191111911911 1 11111911911 11991111 19111 11111191993991119111“
-91 ι19119119191911191119 93911911 11919999 9191 ί9991119 1919 11 191919 ew
1119 111911111991111919911 (19919119 9191919911111911 1939111 93911 9399111199
191911 1 119911 19111911911911119 ι11111911 11119 9191119919 1999 11911“
1991919191119 91911191 19911911919 ί111 91111 9111 11 'X ·111111191191911“
911191 111191119 919 111911111191 919911 1919119119 1911911 111 91111911
11391111 1 ι1111 ·11111911191119111919 93919911 919911 19191111 191191911111“
19199111 po 9399119991191119111 111111 1191911119911911 1 11919111111911“
ε91911119 11911 11919911 111199191991991119911
1919991991 19191191 9111 ,,·91111911919191119 91199 99 91191 1 19991919 11191
91191911191939191991191111 191119 93919 11919 11911111 19191191 9119“
ι111111 99191111 1111119191 1 11111911 1911 9111 11111 ι911939111991111
ι11191111 9119119191991 9111119111 1191111919 1111119 111911 11111111 1
’991911 91111999 1 99193 91111 919191191 111 91 19191111 39199191
191 11919111919111191911911 119999 911911 ,1119191191 11919191·
11991111 9119111 1119 9111911911 111191911111 11991111 119999 9 1191111111ι
191911 191111 991911 1911 91 113 ι11191111111191111199 9199 9119119 1319“
1119191 119 91111 99919 1111119191 11199911 91 111191911911 919191 ο19“
-1911911119911191991919 191191991111111· 199111191 11111“ 191111 1991911 1911 1
91919911 ,1119191191 1191119111 11191191 911 991111 1119 ’9191191“
-91 11191 1119111991119 91 1 ι91919191191911 1 11911 911111119193911 1 111“
91“ (1119119199119111191191191191) 1111919 1 1119119 1191111191 1119
-919111 ι111113111119111911911111 ι1911919199111111911 19111191 1991199
91111 11111111 919111191 91191919111911911 9191191111111 ι111193
-911 11191991111 9119191111 11919191 911 1999111911919911 9119191

11911111199111191119 1111911191 9111911111911911119191911 zm
-99 11991119191111 91111111 ’1911911191111 111111 1911111191 ί191919191119111991
1111911191 1119111111 ι 11111191 1111191111 9191111911191 911“11111919119119111

’1191911 9911111 19199191991911
1311911111 1119119911 111911 1111 1919119111 9 ι11919 199191 1 11911191
-11 1119111191 1999111 91191991 1999911191 19119 1119 1 1991111191 1911

199 ’1119111911 19 1199111111 qm Ἥ

 

