-000000 00000000 nm 00 ς0000000000 (000000 z 03 0000000000 00000000οπ0 000
ι00000000000000 0 0000 00001 0300000000 00000 0000000 000000 01000000 00000
03000 0000 0000 0300000000 000 0000 00001 000000 ι0000 000000000000
0000 03 000001 3000000000 0000000 00 000000000000100300000000000
0000100000 0 03 00000000 00001 0000000000 mu 0000000 0 0000000000οᾶ 00000
00000 000 000000 0 ι0000000 00 0000 00001 000010 ι00000000 0300000000οᾶ
00000 0 0300000000000 [000000 ’0000 M 000000 00000100 op 0000000000
*00000000 00 0000001 00000 0300000 0000000 0 0030 0000000 [0000000 M
op 000 0000 0000000 0 0000000 00000 00001 03000 0000000 00000 0000 0 (00000
-0000 00 0000000 §Kalpas op 00000000 000 00 ι00000000 00 0000
00000 00 {Mad 90000000000000000 00000 0 ’000000πο
000003 0000000 0000000000οο [00000 0000000000 0000 0 0000000030 M 000000
00001 0000000000 0000000000 0 0000000 0000000000 0000000 od 00 (00000000
000 0000000 0000010 000 0 6000000 ί00000000 000010 00 0000 03000000030 M
0000000 0000000000 000, 00000000 00000000) 00000 00001 0 ’0000 000000 0
00000000οο00 0000000000 0 0000000 (00000 00 0000000000 0000000000 0 000
-oqnq 0000000 ι0000 00 ι0000000 0000000 0 (0000000003300 0 00000000
-000 000 0000000 0000000000 0300000000 00000 0000000000 M 00001 0000000
000000 00 0000000000 ι0300000000 0000000 0 00000000 00 0000010000 ’0000000000
000003 0000000000 0000000 0000000000 (00000 00 000 ’0000000 00 00000 M 0Ι
0300000 000000 0000 0000οο 0000οο 00 mamm

’000000ιο0000 000 vu 00000010 ι nm
ι00000000 00 00000 000 0000 0 00000000 *hunno 0000000 0000 0000000οο001 o
300000 ι 0000000 00000 00001 0000000000 0000 &qums 30100οι mm 0 3000
u 003000οι1 030οι1000 nunu 00 0000000 0300000330 00000 nannum 00000

‘tm ΙῖΙψιΙ ’101

A 00000000 0 0000000000 0000000000 0000001 00 0
00000 0 ι000000 oz 000000 000000 0000000 0 ι00000300 0000000 0 0000 0000000
-00 ι030000 0000000 000 00000000 00000000 000000 0000 0000 000000 ί00000
-300000 0 0000000 0300000 0 000000 00000000 M 00000 0300000000 000 ’000000
03 00000000 0 0 0000000οᾶ 00000 s 0000001 00000000 0000000000 0000000
00000000 0000000001 ’00 0000000 0 000000 0000000 0 000000 000000 000000 00000
0010000000 000 0000000 (000000 g 000000 30000000 0000000000οᾱ ’0000000
0000 0000 00000000 M 0000000000 0000000000 0000 000000 0000000000000
mul qn1 0000000000 00000 0000000 0000 'eu 000 ι00000000000000000 00000000 0 000

0 -0000 000000 0000000000 000000000000000 00000 nu 0300000000 00000000 000000

’91ss Ἢ ’ ’00000000 0000000000 ΟΠ

 

