1111 op 1111 11 11111 111 111111 111 11 (111113
-po 111 11111111111111 1111111111 1111111111 111111 111 ’1111111111 111
111111111111111111111111111111 111111111111111 111) 111111 11 ι1111111111111
11111111111 11111111 1111111111 1 1111111 1 1111111111111111 1111111
1111111 1111111111 1111111 1111 11111 1311111 1 1111111111111111111
111111 11 ι11111111113111111 111111 11111111111111111111111111111
1111111 1111111111 1111111111 ι1111111111 111111 11111111111111111
1111 1111111111 111 1111 1111111111 1 111111 11111111 1 11111111 1111111
111111 11111 ι111111 1111111 111111 1 111111 11111111 1111 1111111111 111
ι111 111111 1111111111 1111 1111 1111 11111111 1111111111 11111111 11111111
1111111111111111 111111111111111111 1111111111 11111 11 1111111111111111
-111 1111111111) 111 111111 11111 ι1111111111 1111111 1111111111111111111111
11111111111111 ι11111111 1111 111 1111111 1111111111111111111111111
-111 1111111111111111111111111111111111111111111111411111111111
-111 ι,11111111111111111 1 1111111111 1111111111 1111111111111111111
11111111 111 11 ,,·1111111111 1111111111111111111 1111111111 11111111 111111*
-1111 ξ11111111111111111111111111 1111 1 11111111 1 11111111111111111111111
-111 od 1111111111111111 1111111111 1 11111111 ο1111111111111111111111111“
11 1111111111 11111111111111111111111 111111 111 ξ11111111111 11 111111 111111*
-11111 111111 po 1111 ι11111 111111 111 1 ι1111111111111111111111 1111111“
1311111111111111111111111111111111111111111111111111111111“
1111111111 111111111111 ι111111 op 11111111 1111111 111111111111111
(1111111111 11111 1111 1111 11111111 ι11111111111111111 1 1111111111 1311111111 111
ι11111 1111111111 1111111111 11111111 111 11111 ι1111111 111111) 111111
111111111111 1111111111 11111 1111111 1111111111 13111 11111111 11111111
1111111 ι1111111111111111111111111111111 ί11111 1111111111 11 11111 1111111
1111111111 1111311 1111 1311111111 61111111111 1111111111 11111 11111111
1111111111 11111111 ι1111111111 1111111 1111111111 1 1111111111 11111111
-11111 ι,1111111 1111111 1111111111 11111111 11111111111111111111111111
11 1111111 ι1111111111) 1111111 1111111111111 ι1311111 11111 11111111 11111111
(111111 1 1111111111111 111111 11111111 1111111 1111111111 1111111 1
1111131111 1111111 op 1311 1111111 ί11111111111111111 11111 ι11111111
11111111 1 11111 1111111111 1111111111111 1111111 11111 11111111

’ -11111111111111111111 1 111111 1111111111111111 111 1111 1311111 1111111111

11111 1111111 1111111111 1111113111111111111111 *1111111111 111 111111 111

111 ’11111111 1111111111 ml Ἦ

 

