1. 1410. 1111111111 11111111. 11

,1111 111111, bo 1111111 11111111111111111111 11111111111111. 1111111
,11 1111111 111 11111, 1 111111 1111111 11111 11111111, 11111111.“

11111 1111 1111111111 1111111 11 11111111, 1111111 111111 1111111 11111111·
111111 111111 1111111 1 1111111 1111111 1111 111 11111111, 1 1111111111 111-
1111 1 1111 1111111111,

11101111111, 11111111111111111111111111111 N. 111111, 111111·
1111 11111111111111111 111111 1 1111111111 11111111111111111
111111 1 11111111 01111111111, 1 11111111111111111111111111111111,
111 1111, 11111111 111111 111111. 111111 1111111 1111111111 11 11111-

111111111111111111111 Β1111111111 1111111111111111111111111- ·

11111 1111111111. 11111 111 11111 po 1111111 11111111111111 1111111,
111111 111111111111 1 111111111111111, 11111111 1111111111111111 11111111,
1111111 1111 1111 111111111111111 1111111, 1 1111111111111111
11111 go 1111111111, 111 1111 1111111 81111111 1111111 1111111111111·
11111111111111111111111111 111111. 01 111 1111111111 11111111 1111111111
111111 1111111, 111111111111111111111 1111, 1111111 1111111111111111-
111111 J 11111111 Β1111111111111, 11111111, 11 1111111111111-
11111 11111111. 01111 1111111111 111111111 11111111111111111111, 1111111111
111 11 11 1111111, 1111 1111111111111111. W 11 1111 11111111111111
1111111 111111 11111111, 1 11111111 1 1111111 111111111111111111, 111111,
111 1111111111 111111 1111111 1111111111 111 1 1111, 11111111 11111111,
11111111 111111 111 111 1111111111. 111111111 11111111111-1111111111-
11111, 1111 111111 1111111111. 11111 11111, 110111 1111111, 1 1111111 11111-
11111 11111111111111 111111 111111111111111. 1111111111111111, 1111111111
11111111111111, 11111111111111 1 111111 Ρ1111111, 1 1111 11111111
11111111, 1111111111 1111 11111111 11111 111111. 011111111111 111111111-
111111 11111111111· J 111111 Β111111111111111 111111, 11111, 111111
111 11111111 1111111, 111111 1 1111111 Κ11111111, 111 11111111111111111111-
111 1111 1111111111 11111111, 111111111 1 8111111 111111 Η111111
· 111111 1111111 9111111111, 111111111111111111111 1111111111
1111111, 1111111111 11 11111 11111 111111 1111111111 11111111, 111 1111-
11111 1111111 11111111111 J 111111, 1 1111111111, 111111111111111 111
1111111111 111 1111111 111 1111111. W 111111, 1111 1111111111 11111, 1 11-
111111 11111111 1111 1111111111 111111, 11111111111111111 11111
11111 1111 11111111 1111111 11111111] 111111. 11111111] 1111 11111111 111-
111111111111111111111111111111111111 1111111, 11111 1 11111 1111111111
11111 1111 11111111. 01111111 111111 11 granio nieprzyjaoielskiej 11111 Ι1111
J. mem. ndns· vohun. x.. ΙΙ. 8

 

