392 111111111111011110. 11. 1130.

1111111111 1 1011101111 01111111 (11101111 1111111 110111111111110101 1110111011
1101101111 1111001111 Ι1101011111110111 1111111111111111 1 1110011110111 11011

101111 1011110010111,1111111100111 1111111010 0101111101 mu 1111111110-
1011111011

81010 111 1111 1111111111( 1011011111 0 011011 1111111 1 01111111
Ρο111101 11 11010 101111οἰ1 811111110111, 110100111111111111,1011111,
1111110 11011111011101111111111 110111111111 1111111011. 0011110011 111010
11 11001 1111011111 11111111 101111 1011110111 1 11111111 1111110111 1111011111-

- 11111 111111110111, 1011110111 11111011 mu 1101111 10101111 11111

1 1111110111111110110011, 111110 1111111010101111111111011, 1111 1111010,
111111 1111001 111010111111110110101 010110101 11111110, 111 111100111101-
= 0110111. 11101, mimo 0111111111101110011111111 sie 11111 Ρο101101
1 11110111, 1111 1111111111( 1111όο11 1111110111 Swidrygielle 11011111
10101011,11111011111(0010111011101111Β1011011010, 1111111110
mu 11111110, ,111 1 1111110101 1 111101 11111111 1010111111 11011111,
,1111111011 1111111110111 1110111111 w 101 1011111110.“ 111 101 10
1101000110 1111 1001101011 111110 1111101 1 110 11111110 111101 1110111011, 11-
011110 Κ111101101 1101111 1111111 11111, 0111010101 11011111 10101,
1111 111 11110 01111111 11011 1111011111 1 11111 11111111 11111111 10101-
011011Κ111101011011110111110111011 Β1110, 1111110111,1111
1111110110 101000110110 010111101111011 11111101 1010111011. 1101110 swi-
111110110, 1111011111 111 00101110 111011110111111011011 mu 110111 Ρο-
10111101, 001111 11111 11000111 1111110111111011110111,1011111011110
(10110101 10101111 1 1111011; 11111 go 1111 11111101 1111, 110111 1111111110
sto 1101111 rubli (cyclos) erebra, 0111 01111 1 111010 1101101 111101, 11011011
110111110101011111 01111. Ρ1101110 Ρο10011 0111011111111111101 011101
1110110 11111011111101101111, 1111100111 1110100 0101111011111 110111Ρο-
10101101, 11111111 1011101110 1111 1 0111111111 110111, 1111011111 101111 po·
.stan0wieniu 1111011110111 111001101111 mogli. 1111111 innomi 11110110 im 111
11111, 111 1100111 1111011011 11011111 1101110 albo 01110111110111,1111111
11111 11011101 11001 01111011 1010111111,1110110111 1111101011 0110111
011 1111. 11011110 11000110 1111 ’111101111111100 (1101111011111111011
1 11111011 01111110 1111111. Β1111110111111111111111101011111 1 01110111
11111101111111111,1111010101011110101,111101111110111011,
11110018111011101011, 1110111011οο 10111 0111010111010, 10111 1110101,
11111 pod 111 0111 11101111 1101111 1111010111 101 0111111 1 1110110101 10-
1111010 11111011101111 01011111 11010111001011011111. 11111111 10111011 list 10
11101111 11011011010, 0111100111101111101Κ11110101, 111111111110

 

