110 1111111111 11111110. 1. 1414.

,111011 Β111111011110, 1101010 111101111 1111111,101111110111111110110,
,110 11101111111111101 10 01111101101111111011. 81011011 11101111, 10 110-
A ,101110111 110111 101101011, 111 1100 110111111111 11101 0011011 11010
,1110111 0111011111111101 1011 11110111101 11100 1111111 1111111101
,01011 11111010. 0110111110 110101110110 11, 1111101101010 11110 111 1111ος
,1 1111011 11101111 101110110 110111 11111010, 111011 111 1101111011. Κο-
Ι,11101011 Βο11 111011101110111111 101111111111ε 10101111 1111111111 00111, 110
,10111011 111111011110111 10111111111111, 1111111111 1111111 111111
,110 101110οΒ0111. Κ11111111011111, 0110110111111, 11111011, 101101111,
,11011111 111111, 1 111110101011111 11011111, 111101011011111111110111;
,111111 11010 11111011 11111011 1111110 11111101110 01110 01111111010,
,1111110110 10 1111111111 101101011, 111 11110111 11011 1111110111110.
»1111111110 81111101, 1101111111 101110111011 11101101101111, 1011 11101011
,111110 111 110 111111. 0111111110 1 0111101111111 1110111111111 11110111
,11111111111 110110 1111 1111011. 11101 111011 110101110111 0111111, 11-
,111111 111 11111 111011 1111110111. 010111110111111101011111111Ρ11111111
,10111110 111011. 1011111110 11111 1011101 11111110 111101 110111111111-
,11 11101 Βο11011.“

111110, 1111111101 11110, 111101110111101111 1111011111, 11011
101 01 0111 111111 111111111 1101111, 11111 1011111110 11011111 111 111-
1011111111, 11101110 11101110 11111 J 111 11111011 111110 1111110 1111-
1111 111111, 1111011 Η11011 1111010 1111 11110111. 101 1111111111
1111111111011101111 1110110111, 11111111 010111111111 111011 11010
1110111 1111111011 1111111011 1 11111111111011 1001111010111111 10-
1111111111111111, 1111111110, ,101110111011 1111111111 0111110 11111011,
,0111111110 11111111.“ 1101010 1111 111111 1011111101111110101110111-
11111 110 01110111 111 11111101 11111111, 11011 111111011 1011 111111
110111111010111, 11011 101011111110101 1111111, 1011111, 1110
1111011οη11 01111111101001, 1111101111101 111111010, 10110111. 1101011-
11011 1111000111, 1111011111111110111111 (1100101111) 11111, 11111
11111111 101011, 11111 10 1111, 101111 10111110 1011111110 1 11111111,
111 11 10101111111111111011111111 110 11110111111 11011111, 101 11010101111
1111101111 110 11011010. 111101 101011110111111111111 1011 1111101 01-
11010110101, 110100 011101111, 10 11110111 10101 1111011111 011111, 1101111
81011111111111101 11111110 110111 11011111011010 1110111011011010. Wi-
111011111101 Zbinko 1111111111 111111, 10 1110111 11011110111111-
11110 111101 1101110 011011 01 11011 11111111, 11011 111 1 1111110111
111011011 10111111 011101011011011 1011111ἰο 1 1101011 1101011110 111110,
1111011101111011111011111111101011111101111010,1110-
111 1 1111111011, ,11011 10 11111 01011111011011111111, 11111110 11101111

 

