μ 111428. 1111111111 11111111. 325 ’

1111111111, 111111 11111111 11111111 1 11111, 1 1111 1111111111 1111111

¹ 8111111111 1111111111, 1 1 nich osobnemi 1111111111 111111111111 111111111·

1111111111111111111111 1111111111 1111111111111111111110111-
kim 1111111111 Κ11111 1111111 1111111 11111111111 1 111111118111111,
111111 11111 1111111 111111111111, 1 1111111111, 11 1111111110111111 111111 .

1111111 1111111111111 11111111, 1111111111111, 111111111 111 1111111111.
¹ Elektorowio 1111111 11111111111111111 Ν111111111 1111111 111111 11111

 

1Ν11111111111111111111111 11111111 V 1111111 11111111 1111111
1111111 0111111 111111111111111, 1111111111111111111111111 2111111111
111111111111111011111111111, 111111 1111 11111111, 1111111111
1 01111111 111111111111, 11111111111111111111111, 1 11111111111111111
1101111111 111111111 1111 111 1111111111. 011 1111 11111111111111111
1111111111111111 1111111111 11111 1111111111 1111 1111 111111 1111111
11111111111, 1111111111 1111111111 1111111111 11 1111111111 8111111 1111,-
1111. W 1111111111 111111111 1111111111 111111111111 Zbigniewa 11111111,
· 111111111111111111 1111111. 1111111111 11111111, 1101111 1111111111111

. 11111111 sami 1 111111 1111111111 1111. Ι 11 1111111 11111111 111111111,

11 11111 1111111 1111111111 111 1101111111, 111 11111111, 11 11 111111-
1111 1111111 11111111111111111. 0111111111 111111 111111111 1111, 1111111111

3 1111111 1111111 111111 11 1111111111111111 11111111 1111111 1111111111

1111111111. 01111111111111 111111 1111111111 11111111 11111111 1111111

² i 11111111111111, 11111111111111111 Η11111111111111111111111, 11111111

111111111111111111 (wintoniensis), 11111111111111111111111111111
111111111111111111111,11111111101111. Β111-11 11111111 1111, 111-
11111 jak 11111111 111 11111 11 11111111111111111111111 11 11111111
1111111111 0111111111. 111111111111 111111 11111111. 1111111118111111
i 111111 111 11111111 11111111111111111111 11111111 1811111111 1111-
111111 111111111111111111 11111111. Drugi 111111 111111111111111111
1111111111111,1111111111111 1111111111 11111111 Β11111111-
1111111. 11111111111111111, 31111111 0111111, 11111111] 11111-
111111111111111 1111111111. 1111111111 111111111111101111, 1111111
11111111111111111111111111 111111, 1 1111111 111111 0111111111 11111-
11111 111111. 01111111 111111 111111 ’1111111111111111111111111111111.
111111111111 1111111 01111, 11111 11111111, 1Β11111111, 111111
ubogiego i 1111111111, 1111111111 01111111, 111111 111 1111111111 1111111
11111111 1 11111111111111 1 111111 1111111111 11111111111 1 01111111
11111111111111 1111111 1111111111, 1111111111 1111111111 111111 11111111111111
111111, 1 11111111 111111111111111111111, 1111111111111 1111111 1111111-
111 1111111111, 1 111 11111111 1111111111, 1111 111111111111 1111111111
11111, 11111111111111111111111111 111 1111111, 111 1111111 1111111111111.

 

