·1x ’11 moa 11111 'mu 't

111111 1111111111 1111111111111111 111111 1111111111 1 11
-1111111111111111(13111111111111111311111111111111113
1111111111(131111111111111111111111111111111111111111111
111 (1111111111111 11111111 1111111111111 111111 1111111111 11111 h
’111 ι1111111111111111111111111111111111111 1 1111111111111 11111111
11111111) 1 1111111111 1111111111 111111 1311111111111111111111
11111111 ι11111111111111111 1111131111 1 11111111111111 11111111 111
1111111111111111111111111[11111111111111111111111111
11111 1111111 1111111 1111111 (1111111111 1 111111111111111111 1
ι11111111 11 1111111111111 ι13111111 111111111111111311111 ι1311 111111
111111 11 111111 1111111 111 11 111111 11111111 131111 131111111111111
ι11111111 1111111111111111111111111 1111111111 1111 13111 111111 1111111
1111111111111111 111 111111 11111 11111 ι111-11111 11111 ι1311111111
11111111 11111111 ι11111111111 111111 1111111111 111 1 1111111
111111 (1111111 11111111111111111 11 111 1111111111111111111111 1111111
1111 111 11111111 ’11111111 1 1111111111 ι1111111111[1111111111
(1111111111 1111 ‘ [11111111 1111111111111111111 111 1111 11111

’11111111 1111111111 1111111 11 11111111 1111111111111111111111111111

¹ ¹ 111111 [1111111111
1111111111 1111111111111111 111111 ι1111111 11111 1111111111 11111113
ι11111111111111111111 111111 1111 111 111 11111 111111111111111111
-111 111111111111111111 (111111111111111 111 11111 1111 11111111
-1111111 1111111111 11111111 11111111 111 (111111 111 1111111111 11111111
-11111 111 111 ί111111111111111111 11111111 111111111111111111111
-111 1111111111 1111111111111111111111111 111 11111111 11111 1111 1111111
1111111111 ί1111111 111 111111 11111 ί13111 1111111 1111111 511111111
1111111111 [1111111111 111111 [11 1 111111 111111111111111 111111 1
1111111 11111111 11111 1 13111111111111 11111111 1111111 111 11311111
111 111111 1111111111 11111111 111111 1111111) 1111111111 1 1113111 11
111111111111111 11111111 1 1111111111111111 11111 (1111111111 111131

811 ’11111111 1111111111 1111 1,

 

