248 1111111111 11111111. 1.· 1420. .

1111111111, 1 11111111 11111111 11111 1111111111 01111111· 1111111. Ζ Ρο-
111111111111111111 Β111111, 111111 1111111111, 1111111 ’11111; 11-
111111111811111111, 1111111111111111111111111111111811-
111111111 11111111 11111111, 1111111111 111 111 11 Zygmunta 11111
1111111111 1 01111111 Η111111.1111111, 1111111111
1111111 1 8111111111, 1 1111111111111111111 1111111111. Κ111Ζ11·
11111 1111111111 111 11111111Ι 1 111111111111111Ι 111111, 11111111111111111,

. 1111111111 1 1111111111 111111 1111111111. 11111111111111111111 111111

111111111111111, 1 111111111111111 1111111 1111111 11111111 1111111.
Ζ1111 po 1111111111 11111Ζ1111111 11111111111111111111Ρ111111.
Β111 w 1111111 Ρ11111111111 1111111111, 1111111111 1 11111111111111111111,
11111111 pie& 11111 111111 1111111111. W 1111111111 111 Κ1111111111,
11111111111111111, 111111 1111111. Tu 11111111 11111111 111111 111-
1111111 1111111111111111111111 11111111, 111111 1111111111. Ζ 1111 11-
111 1111111 111 111 Ρ11111, 1111 po 11111111 11111111111111111111-
111 (111111 1111111 11111111 go 1111111), 1111111111 111111 111111 1111 111111
1111111111, 111111 11111111 11111111111111111111. 111111111111111111

. 1111111111 11111111 111 1111111. 1111 11111111 11111111 1111111 1111111111

1111111111 1111111111 1111111, 1 lud 111111111111 1111111111. Pramnio
(11111111 111111Β111111 (verona), 1111111 11111111111111111,
1111111111 1111111111, 1111111111 1111111111111111 1111111111. 11111111
1111111111 11111(Β111.111111111111), Κ11111111111111111, 111-
1111111111111111, 1111111111 111 11111 111111.

1111111111 1111 111111 1111111 11111111, 1111111111 go 1111 1111111 11111111-
1111, 1111 1111111111 11111111.

11111111111111111111, 1111111 1111111111 1111111111 111111
(1111111,1111111111111111111111181111111111111, 11111111-
111111, 111111111111111, 111, 111111111111 na 111 11.
11111111 1111111111111, 11111 1111111 111 1111 11111111 11111 ,11111
1111111, 111 1111111111 1111 1 1111111111 1 11 11111111111111111111111-
11111 11111111 11111111111111111111111111111 11111111 111
Ρ1111,1111111’ 1111111111 111111 1111111 1111111111 1111110111-
111. Po 1111111111 1111111111111111111 11111111 0 1111 11111111, 1111
1111111 11111, 111 1111 1111111111 1111111111 11111111111111 1111-
111131 1111111111111 111111 111111111111111, 111111111111 11111111 1 111111
111111 11111111, 11111111111111111 1111111111111111 i 11111111, Zyg-
11111 1111 1111111111 1 1111111111, 1111111 11 1111111111) 1111111

 

