0. 1410. 0111110100 11010110. . 89

0101011100· 000001, 1 10101 001001101000000001011, 001 1101001 jak 01100 11010 ” '

wojsko 1101000110 0 0100100110 Κο1000010. 10001111 001001 01011101 001-
0100010, 10100100101000 101 0100111000 1101000, 00 0000101010] 010001010-
0010100 010001010000111000, 1101000110001000010, 010110 10110 11000
nich 0101101. Κ1101000 1010(0100“00,101110000 010010 01101 0101 1010011,
1001011 00100101001001 11010000. Α 11010 00111011 010101010, 0010101011
00100001 1001, 0000110010 010010 00001110 010010. 1100101010 101010110
110100000, 110110 0100010 00 00 0100 0110100011, 0001110011 00101011000011
0100110000101, 00110010010 011000, 00110011 10100010110011010, 10100000
0 0010010 0010 001 11010 Β110 (11111011 0 001001010 0110111001 0 1111010,
1000000οἰ 1 010011000010100 01010000010010011001 00001000110 00100 100100 ⁴
i w 11000000 0100011 01010. 111101 101 011010111 010100 Κ11010100, 110110
0000101100, 010110 00 nich 0010110, 00010101100101, 100000100101000100 -
001 10110 00011 11001010 0101 00101110 0001011, 0011000100 000001) 01100110
011011001, 11010110010000101 000101000010, 10 000010 1101000110, 100010-
0000 010 0 10001000· 0110010001 01 010010110100000, 010 00010 110 010010-
010 111100 011100001 10001 010010 0001110 01001000 100010100. W 100 01011
000100 0010010 010 0100110000101, 10010100 110100000 101111 101( 00001001
011101001, 0 010010 00010000 0101011 0001100010, 1000100 1101110 00110111
11000. 10011 01011010 11001000 1011100011 010 110 010010οἱ0 00111, 10010100
0100011 10101 10 0001011 1101000, 0111010011 1001001001, 000110010 100010110-
01001100, 10000 00100 1100111 ioh 00010 00000010. W 100 0000011 00101010
0101 00110 01101 11100 0 01100111001 00100· mili 0110100 000010, 1101000110
1Κ110100110. 11110100100110000101 0011011101 00110 010010 0010011010-
000010 0100110 001 1000 0 100· 0101100 010000 0001001000, 0 00111110 001
100101100010101001010000 10 110011010 11010000011000, 0010110011
00 001000οἰ0 110100011000 000010, 0111001000 001000οο1 1011010, 100100, 10
101 1011001οο 0100001010 01010110 1000101100. 010 1000101οο 1101000110,
010 011000 101010 1 010011000010100110001000 00 01000000 1110101000 00-
10000000 11010, 11001010 1 0100100 10001001100001010 0100011000] 11001,
0 01110010 00 00100 011000 1 011001000101010 01000 0100110. Βο10 1 0110000·
011000 110100 1 1101110 1 10110100 101111 100000000ἰο 011011 00000001 01000-
0101οἰ0; 1 10000 010000 00100010οἱ0 10 11000. Alie 01101010010010011100
1001011ἰο0001, 10001110000010110101100101011000,110101,
1100100111 01010, 1 10101 01100100110 1000011010100111. 8100011 00010110
101010010011010011, 0110010101011101101100, 11010 01010000 100-
1100100011001010010000010, 1011000, 00 010000Ι 0110010 11010 010100οἰ0.
11001 0110100 000010 1 0100000 011101100 01011010 00 0101110, 1 0010101000,
00100 100010 01001010 00110. Ζ 0110 01100 10000 010000, 1 0101000010-
0101000 01100100001011001011110 001110; 1 11001 0100 00101100101100111100,

J. 11100001 Mose Pol-ue. ¹1. 11. , 12

 

