000 ι00000000 0000000 0303 000000 0 00000 (300 off εο00000000300- (0000030000
300000000 0300 ss 0000000 3000030 00 ,,·00000000000 00000 030000 00003003
300000 000 30000 00 00000 03000 00 003003000οο0 00000030 0 ι3000000000 000 0“
030 0000000 300“ ι0000000030 0000000003 3000030 000 0000300 0 0030000000,
0000000 0003000000 000000 03000 00 000 0300000 00300003 000 000000 00000
-000000 03 3003000000 303 030000 00000300 00000000 000000 0 000 (03000303
000 0000000 0 00030 000 0 ί00030000 00000000 00 0000003 ι0000000 0 30000000
00300 (3000 0000000 0000000000 00 00 03 00000 ι,3000 30000000 0 0 ι00000
-03 00000000 00003003 000 003 00 ι30000000 (30000 00 0000003000 00000003
30030000 0 0 0000000 0000000030 [00000030 0 0000000000 0 003 03000 000000
-300 300000030 4003003000 0 030000 0000030000 000000 0000000030

0030000000οῃ0003100000 000000 03 00000 00 0 ι3000000ιο 000
0001 ‘mouson 0000000300οπ 0 000000 300 3000300033003 ’03000 000000 000000

0000030οΙ 030 000 0300 00
30303 300000 3000000 0000030000 00 03 0000300 000 30000 0000003 3000 ι0300
-000 00 0 30000303 0000000 0000 00 0000 0 00 0030000οο ί00000 00 3000030 000
00000000000000 000 30000000 00000 ι0030000 00003 0000000000003 000003
-30 000000 0000 00003000 M 00000 00000 00000000 0 0000000 3003 0000
-00003 000 0000000000000000 00 000 0000000 000 0000 300 ί0000000 0000000003
00000 0 00000300 0000000 0000000000 30000 0000000000 00 0003030003 0303 .
000000 0000 0 ι00000 00 000 00000 ι3000000000 30300 00 0 0000000000 00000000
0000000 ι0000000003 0 00000300 000003000 000 0003 ι00003 000 0 ι0300000000
000000000 00000000000003 0003000000 0000000003οο0 00030 30000 0 0030οι
-3000 30000 0000300 0000001000 300 ι00000000 0000000 0000030 0000000000 0
00000 0000 00000 00 0 ι0000οι 3000000 030 30000 ι030000030 0000030 0 300000
-00 3000 30000000 0 0300300 00 000 0000000003 ι0000000000 3000000000 0000000
0000000000 0300000000000 0030000000 00003 00000030 0000003 0000003 ι00000
-000 300000 000 00 003 000 (00000 0 0000 0 330000 0 0000000003 00000030 00
-00000 0030000003003 3000000003 000 0000300 00000 000 000000 ι00000 00000
000 0000000 000 ι0000000 00000030 000000 0000000 00000 (0000000 00
0000030 (0000033003000 0000300000 0000 00 000 3000300003οΝ 000000 00000 0 000
000000 000000 000 03000 ι000000 00000 000 3000 0000000000οᾱ 0 03000 0000
-000 00030 000000 300000 0003000 000 000300 00000000033003000 00 00000 000
0000003 30000000 0 30000 0000 (030000003000 0000000 0000303 000000 3000000
0000303 00 000000 0 (0000300 0000003000 0000030003 00000033003000 0000000οο
000 ι00000000 000 00003 00000 (000000 0030000 3000 00 03030030 0 00300000
30000000 000 00003 0000 00 30000000οο0 0000000000 000000 0000030000 (00000

00000 ’0 “ 00000000 0000000000 “ . 00

 

