10 1111111111 11111110. 1. 1410.

01011111111111011111111111111111111111110,11111110111 11·
1111111011 111111 0111011111, 1 111111111111 1111111111110 1 1111111111
1111110111111111101111111. 11111111111111111111111 1111111-
111, 1111111111 1111 111111 1 11111111111111 1111 1111011 ’1011111111
1111111111011, 0111111111, 11 1111111111 111111111101111010111011
101111 111 111111. 111111 11011 1111111111 11010 1110111, 101111, 111101111
(1111, 10111011 1111111111110, 1 1111011 111110111110111011
81111101101111110,111111111110111111011111011011,11111111-
1111111011111111111 11111111 (1111101111 (1111110111 8111111111,
111111 1 1011111111, 1111 01111 0111111111101111, 11101111111111111111-
11111111 011111111111 1111101 1101101, 11111 111111 1 11101 Κ111111111110-
111111111 11111110111111111011 11111111, 111111111111111111 11111
11111111 11 11111111111111110. ci 1110 11111111 11111 1111111110
1111111111111010110111,111111111011 1111111111111110111111-
111 1 Κ1110111, 11111111 10 Κ111011, 11111 1111111111111 1 1101111
01111111. 11111 1111111111 11111111 111 111111101111, 01111111 111011111-
11, 1110110111 11 11111 111 11111 111111110 1011111 do 1111; 111110
1111111111 111110111111, 111111 11111110 1111111111 1111111 11 1111111111,
111 11011111 11111 1 11111 11111 1111 101111 1101101111 11111111 111
0111111111 10111111. 11111110 11111111111111111 101111 101111111-

‘ 11111111111111111111011111111111111 111 10 11111 11111111,

11111 albo 1011111111 1Κ11111111111111111, albo 11111111111111111011101-
11,11101111111111111 1111111111 1111 111111011111 1 1011111 1110 11111,
1 111 11 1111111111 1111111 1111111111, 11 1111101110111111011111111-
11101 111101111 11111111 10 01111.

1111 1111111111 ,1111111110 11 10111 111111, :octavia 11 1111111 1111011111
11101111 1110111110 111111111111111111111111010 1111111111111 11101111, 11111-
111111111 1111111111111111111111 1111111111 11111 1111011111.

1111111111 111111010111111 1111111111 1111 101111 11111110,
10 10 1011111110 [1011111111 10111 11111111 11110 11111 1011111111,
1111111111101111110111111111111101111Κ111011111101111-
1111111611111111111110 (11111111111111111111111111 1111111-
1111111110111111111111110111 111111,1111111111 1111111111111111110-

1111111111),1101111111 11111111101111 1111111111 111111111111110-
11,11111011111101101111,11111111,111111110110111011111
111 10111111. 101011111 101 ”110 1 11111111 1111011110 111111111111 1111
101111111 1011111111 10 10111, 1111111 1101011111 111 11111111 1111111; 111

 

