1. 1417. 1111111111 11111110. 195

111111 1111111 1011111111 11101 101011 1011111111111110 111111 11111111
110111101101011 101111 n 1110111111 111111111111111 1111111110

1111111, 10 1110111111 1110111 pium 11111010 11010111111111111111111.

1111 111 11111110 1011111111 101011 111011111111, 1111011 V 11-
1101, 1101111010111 11110111, 01111 11 1111101101 11110111111111111111
11111111, 11011111 1111011111101 111111 1111011111, 1110111
111011 11110111111110, 1101111 111111 1111110101Κο111111111111
1111111 1011110, 111 11001011 1111011 11110101 101111 011111. Κ1111 10-
1111 10110110 11111111111 11111 Ρο111101011101111110111111111111
11101 1011011, 111111 1111 11111 110111) 10 wgo 11110111, 11100111 11111
1111011 1111111101 1111011010 10111111101011111110. (111111110010111111-
111 111101 1111111111 1 011011 111011 11110111 ,11110 111111 1 11011111
111101, 11 1111111 1111111011111 1110 1010111, 101011 ,11110 11111111
1111 1111 1110111111 ο11111111.“ Ο 10 10110111111101111 10110 111111-
0111111101110111101111, 1 1111111111 111111010 111111 01111111 111, 111-
111111111 10111 1111111111, 1110111101011101011 11 1111111110 10111-

110111 1011111110111111011 11101111 1110111 111111 1111111111 1110111111 '

10 1111111010 101011 1111101110 11 111 1111111111 Β111111. Do 111011-
1111111111011 111111011 1101111 11101111111110010101 111111111111111
1111111 11110101111 11110111111111101111101101 111011 101011111); 111111
11101111 1011111111, 1011111111110 111111, 111111 1010111011, 11111
1110111111010111111111. 1111111111111111 1011111 111 110110111011111
1111111101 sporn w 110110 011011111; 11111111111111101111111111-
011 111111. 111111 0110111 101011, 10110 111, 111 1111110111 011111111011110
111010 110 10111110, 011111111111011 11010111 111111 10111101011
1110111111110111 1111111101011111111111 111011 11111110 11111 10101
111111 11111111111, 1101111 Ρο111111 111 1111111110 1010111111
1111101011, 11 1010111111111111111 1111111011 1111111011 1 101101
1111111111 111 110111110; 00 1110 1010111, 11 010 110110 111111 11111111
1 11101111 1111111. 1111111111 11101100 101111 1111101111110, 1111111
1111111110111111011101111111111111111011101111111111111-
10110111, 111111 111111 1111 11111111 11111011. 11011110 10111, 11
1111111110111111 11111, 11 11111111 1 1111111111111010111011, 11111111
1110111101 1111110111, 111111111 go 111111 10 011011111 1111111· 11111110·
110 111111. ’111 1111101111 1 01111011 1110111 Κ11111101, 111111101111111
01110 1101110111, 1111111 11 101 0111110111 1 1111111011 01111 111111,
1111101· 1111111111 11 110101110111111 1111111111 1 11101111οὲ01, 110110
1111011111 1 1011110 1111011111. 010111 0110111ἰο 111101 1011 011011, 11111

 

