'11 '⁸11 ’9011Ιο01 θΜῑῦ Ἰίθῦῡὶίῐ 't

’0000000
0000000000 0000 0 000000 000 00000 0000300000 000 000 (000000 00 000 0000
-00000 00000 000 0300 0000000000 uo 000 ι000000000 000 0 0300000000 000
-00000 00000000000 00 0000000 0 (00000 0000000 00 00000000 000 ι000000
03 0000000030 (000000 00003000 000 ’000000οο0 0000000 000 00000 ’000
-0 00000 00 0000000000 00000 00000000000 00000000 0 (000000) 00000 0000
-00 000000000 00 00000 00 0000 00 0 0 0000000 ’0003000000 03 0000000 0
(00000000000000000 00000000 000 0000000000 03 00 (00000 0 000000 00 00000
0000 000000 00 000 0000000000 000 000000 00003000 0000000 00000000 0
0000000 000 000000000000 00000000 000 03 00000 00000000 00000 0000000 00
0000000 00000 ’00000000 00 0000 0 000000000 ’0000000000οοοἰ 03000 0000000 0
(100000 0000000000 0 ,000000 00 0000 mn 0000000000 000 ξο3000 000000 0“
00000 0000 00000000 0 000000 000 0000000000 0000000000 00000 00003 000000
000000 00000 0 00000000 0 0000000 0000 0 00000 0300000 (00000 00000000α
00 0000000 0 00000000 00 0030 00000000 000 000000 00000 0000 [00000 0“
(0000000000 00 00000000 000000 0 0000 00 000 00000 (000000 000 00000000
0300 00000000 000 000000 0000000000 ‘vs 000 Ξ 00000000 0000000 0000000 000“
00000 00000000οε0 00 00000 00000000 ’00000000 0000 0000000000 0000000000 00000
-0000000 0000 ι030000 00000 0000000 000 *0000000000 000000 000030οΖ
Ι000000000000000000 00000003 0 030000000000000000000 030000000000
000 0 00000 0000000000) 000000 000000 0000000 0000000000 0000 000000 ι00000000
00000000 0000 ’00000000 0000000000 0300000000000 0000000 000003
-000 000 ι0000000000 00000 000000 (0000 00000000 0000 (0000000 0000000
00000 0000000000 0000000000 0 000000000οο 0000000οο 000000 000 0 00000000 0000
0000000000 (0000000000 0000000000 00 000000000000 0003000000 0000000 0 000
000000 000 00 ι000000 03000000 00000 300000 0000000 0000000000 0000000000
000000 0000000 0 00 ι000 00000000000 000000 (0000000 0 000000 0000003000
000 ι0000000 0 00 0000000 0000000 00 (0000000 000000 0000000000 0000003
0300 0 0 00000000 0000000 000 00 000 00000000 0000000) 0 0000000000 0
00000000) 000000 000 003 0 ’000000 0000 03000 0 00000 00000 *0000000

, 0000000 00000000 00 000 0000000 ι0300000000 0000000000 000000000οοοἰ *0000

0000000 0000 000000 00000000 0 00000000 00 0000000 00300000 0000000
0000000000 000 0 0000000000 0000000000 000 0000000 00000000
-0000 000000 0000000000 0 0000000000 000000 00003000 0 ι00000000 0

[W ¹ ’00000000 0000000000 - “ 'Zffl -0

 

