whADYszAw JAGIfflO.

11111161 1116 11161116.

111Ρ16161 61161 1116111616 11111116, 11611116 61116166161161111116611111
1111661111611 1116116168111111, 1161116 1111116 hubin, 11161161116
61111116 111616 6111 1161611161 1 1116611611, 1111111111 1111616 116161116
1116111616) 11111611 1116116.

non mnium 1111.

11111 1111111111 111111 16111161 1161111111 1111111116 1111111

Ι Po 6161161116 111161 Ν1161161111 Ρ111611616 w Wilnie, 1111111111
1111 Ρ61111 1111111111 116 16111111, 1111161116 111161111Ρ61611616 i 11
111 11616116 6111111 16 1611111, 1616111661111116 16 11616 w 11161161
11111116 6111161 1 61161116 Ρ61161. Ζ nimi 11111111111 116 6 1611111611 111-
1611111 1 1161111116 11161111611, 1 J 611111 1111116111 1166111111 post 1116111
11661111 16 1166616116, potem do Boohni, 611161616616161 1161111161
111111111611111161161111 1111611666 1 1116161611 11166111 16161161
1161111111 1661161111 1116Β6611611611611. Ζ Β661111, 6111161611Κ11-
11111, 1111 116 1611161116] Polski, 11 Κ1111111 6161161111 1111611
Ζ11111111611111111111Ρ111111666, 1 661111 61161116 w Wielkiej Ρ61166 6116-

661111.

11611616116 6611111111,111111111111111 161161 1116161 8116111111 1 1111111111
66161111 11611116, 1111611161611111, 111 11 1161111ιὸ11 1111111111 1161111111-
1111111 1111161116 1 1111616-

Κ1161611 8116161, 111616111611 11161616 6 61616661 111 1 1611 1116611661
11616161 111611 1116611111 6161616616116111, 116161111111 1111111611, 111611
61166111 1111 1161616111 6161, 1116616 1161166 1161111611 11116111 111111-
61161116 111611611116111, 1116111161111611111116161111166161166
Zygmunta 11111 111111111666 61161 116161161116 66661611111161166·
111611 1611611. 11116111 616161, 111111661611 11661 1616111116 111 6161116,
1111 111116111111 8116111611 661611 11111111 11111 1 1111111 616116 po-
16111116, 1111111 16 Zbigniewa biskupa Krakowskiego, 1111 61161111
661161116111611 11111111616116 11161116 61 1116161 8116111611 6111111611.

Ale 61166111 1111111611 1161116 Krak'owski, 1161161111 1166611611 8161161

 

