1. 1412. 1111111111 11111110. 125

11111, 1111111111111111111 1111111111 11111, 1111111111111111 11111-
111 111111 1 1111111111111. Τ1111111111111 11111 11111111
,1111111 1 11111 11111 1111 11111111, 1111111111111111 po·

,111111111 1111111, 1111 1111111, 11111111, Κ1ο1111,’1111111,
,8111111111111,Ι111ο11111,Κυ111111Β1111111. 111111111-
,11111 1111111111 1111111 1111111111. 111111 111111111111111111, 11111111-
,111111 11111111 111 1111111111, 1111111111 prae i 11111111 1111111111

,1 1111111111 stan 11111111111111, 11111111 1111111111 1111111111111,
,111 1111111111 111111 111111111111111111111 1 11111111111111111111111.
,111111111111 11111111111111111111111, 1111 111 1111111111 11111, 111
,11111111 1111111111 1 1111111, 111111111111111111 1111111111 anot, 1111
,11111111111111111111 11111111, 11111111, 111111111111111, 1111111111

,11111 11111 111111111 1111111 1111111. 11111111111111111111111- ·

,11111111111111 11111111 1111111 1111111 1111111111, 1111111111, 111111
,1111111111111111, 1111111111 1111111, 101111111111 11111111 1 pa-
„nami, Wladyslawem 111111 ΡοΙ1111 1 1111111111 11111 Wi-
,111111 1111111 11111111111111111111, 111111 11111 1111111111
,11111111 1111111,111111111111111111111 11111111 11111 1 1111111111 11
,11111111 111111, 11111 1 1111111111111 11111111 11111 1111111111 111
,1 1111111111, 11111111 11111111111111111, 1111111 1111111111 1111111111
,111111111111 1111111 111111111111111111 111111, 11111 1 1111111111, 111
,111111 11111111 1 1111111111. 11111111, 1111111111 1111111 1111111111,
,11 1111111111111111111111111, 1111111 111111 1111111111, 1111111 111-
,111 1111111111, 111111111111111 11111111111111 Ρ11111ό1, Β111111
,111111 1111111 11111111 111111111111, 1111111111 1111111111,
,11 od 1111 1111 111111 1111111 1111111111, 111 11111 1111111111 1 1111-
,11111 Alexandra 1111111111 11111111 1111111, 1111111111111111111111
,1111111111 11 11111 11111 krol 1111111111 111111 11111111 1111111-
,111 1111111111 111111 Alexander 11111111 111111 1111111111 111 111-
,11111 111111, 1111111 1111111 111111111111111111 11111111111111-
,11111111 Ρ1111111111, 11111111111111111 1111111111111111 1111111111
,1111 1111111 1111111 11111111111111111111111111, 1111111 po 111111111-
,1111111 1111111111111 11111111. Ι 11 11111 1111111 111 111 1111111111
,111111 111 1111, 111 111111111111 11111111. 1111111111 111 111111

’ ,111111111111111111111 111 111111 11111111, 111 11111111111 111111
,11111111111; 111111 111111 111 11111111 111 11111111 011111111111111 '

,11111 11111111 11111. 1111111111111111111111, 11111111, 111111, 11111-
,111111 1111111111 1111111111 111111111111 11111 1111111 11111111
,1111111111111111 1111111 11111111111111111 111111111111111111, 111111
,11111 111111. Nie 1111111111 111111111111 1111111111111111 1111111,

 

