111432. 1111111111 11111110. 443

11111111111011 (111 0100111111 ,11101110 11111Ζο 1111 111111111111, J'a·
,11111111 11111111111110 0101110111 011Ζο1011111110 10111110, 1 11
„nie 111101111111111 111 1 011111 01111111 0011111111 mu 1 101101, 111 wJ-
’,11111111111110 Ζ 11111] 1111011 1 11011011, ngbJ Jego 1111111110 111 grani-
„chlo Ζ vatatam, 111101111111111111 Ζ 11101111 11111111111111, 111111
- ,011110 11111111 111 musi 111011 1111111001111111 01111111101111 nimi
„walki.“ Ρ10111, ,1111111111011111111111111111111, 11 1111111111
,11111Ζὶ1 111111 1011, ng sam 11111111 1010111 musi 1111111 11 110111-
,1111111 110111 Ζ 1111111111. 1111111111 101111111111011111111111111011
,111011 11101111101111111111110 1 1110011111111000111111, zapomniawszy
„0 11111111, 11111 11111111 1101111011 1111 0011111111, · 1 1111111111 J'e w 111
,11011111110111111011111110. Ζ111Ζ1111 Ζ11 11111111101 1 01111 1111111111,
,11111111111Μ11 10111111 (111110 11111111 11111111 1111111 ngbJ 1111
,101111 11]· 0111111,111 11111 01111111 1111 1111111111 001110110111
,1 111 111111 1 1111111111 1111111· 1 1111 11111111 111 0110111111, 111-
,1111 go 11111111111111111111111111 Β1111111 1111101111111111 11111
11111011111010111,1111 10111111 11111111111111111101110 1 1101011011]-
1111 011011111111. 10011111111111111 11111 1111 11111111111111011101-
prJJ'skiemu ljego 11101111111111011111 1111111101, 11111111 1 11111111
1011111101. Sam 11111Β1111111111Ζ Ζ 1111111, 1 011110101 1 jego 01111-
11, 1111111111 1111011111 11οΖ1111111, 11111111101111, ruszyli Ζ 1011101111
1111011011, 1111 11011111 10111111 111111001111, zberdziwszJ so-
110 drogo 1111111, Ζ 1011011 11110101 1 111111111111111101011111.

1111111811101111111, 1111110111 vJJszoniu 1111111111, 01011110
11111110 1110111111.

Ζ 1111Ιὶ01 wJJ'echawszJ 1111 1111111111 0111111 10 11011110
1111111, 1111 111111 11 111111 Wawrzynea 11111111 1111111111

Siaradzkiegodobrataswogo 1111110111111111111111, 1010111, 1111- ·

11, ,111 10111011 1111] 1011, 1101111111 111 Ζ 1111111111 w 011111 1101
,11111111011111111111101011111111 1011111111 11111101, 111111] 11111
,111 111 11111110 1101111] 110111011111 1110111110 przygodJ.“ To 111011-
1110 Zareme poselstwo. 1111111111 11111 0011111111 1111111111111110
111111. 11111 11111011 pose} 11011111 00111111111111111 10111111 1111111- Α
11111, 11111111οΖ1111111011Ζ1111111181110111111110 onli 11111-
11110111011, 11111 1011101110 1111101011 1111111 1111101111, ,1111100111-
„pioli 11111] 111111 1111110111 SwiergieHJ, 110, ι111 10 111 1111111
,111111111001111 11111111 1110 1111110110, 111 0111111111 111 anaJ'mnieJ' 11111,

 

