‚ 18 1111111111 11111111. 1. 11410.

, 111111, 1111111111111 11111111111111111111111 111111111111111111-
go 1 111111111111111111 111111111111111111. 111 1111111111 go 111

1111111111111(Ρ1111111)11111111’ 1111111111 Η111111, 11111111111
1111111111 111 1111111. 11111111111111111111111 Η111111, 1111111111
1111111111, 1111 11111 1111111111 1111111, 111111 111111 111111 11111111
111111, 1111111 1111111111 1 111111111111111111111111111. 11111 ,111
111111111, ,1111111111 1111111111111111 1111111, 111111 1111111111 1111
1 111111, 111111111111 111111111111111 11111111, 111111111111111111111
111111, 1111111111, 11 111 11111 1111111 1111111 11111 2111111111· 1 Su-
dawskiej , i nigdy 1111 1111111111 111 1111111111. 11111 11111111 1111
111111111111111111 11111111] 111111 111111 Ρ11111. 1111111111 11111111-
’ 1111 111111111111111111111 11111111 1111111111, 111111 11111 11-
1111111111111111111111111111111 1Β1111111111, 1111111 111111-
1111 11111111 1111111111 11111 1111 111 1111 111111111111111 11111111
. Alexandra do 11111 1111111111 111 1111111111 111 1111111111
1111111111, 1111111111111111111 11111111 1111111111 1111111111.
111111 1111111111, 11 1111111 11111111111111111111111111111111, 111-
tego 11111111 1111111111, 11111111 1111111111 1111111111111111111111-
burga, jakoby 111 Κ11111111 11 1111111 1111111 1111111 11111111.
111 1111111111 111 111111 111 11111, 1 11111111 11111111 1 1111111111
1Η1111111111. 111111, 1111111111 1111 1111111111 1111111, 111111
1 11111 1111111111, 1 111111111111111111111· 1 1111111111 11111111 Li-
1111111111111, 11111111. 01 tego 11111 11111111 1111111 Η111111.
Ρ11111 1111111111 111111 111111 1 111111111111 1111111111111 1 Her-
111111 1111111111 1111111111 111, 1111111 111111111111111 11111111, 111
Υ111111 111 1111111111 1 1111111, 1 11111 1111111 111 11 11111111 1111111,
11111 1111 1111111 1111 111 111111 1111111111, 111111 111 1111111111,
111111, 111111 11111111, 111 1111 1111111111111111111; 1111111111· 111
111 111111111, 11111111 11111111 11111111 1111111111 Alexandra
11111111 111 111 11111 111111111, 11 1111111111 1111111111111111111111111-
111111 1111111111 111111111111, 1 11 111111 1111111111 11111111Ροὶ-
11111111111 1111 111 11111· 11111 11111111. 1111 111111 tego 111111
1 11111111 11111111 111111. Κ1111 1111111 11111111 Η111111 111111 In-
11111111 11111111 1 1111111111111111 111111, 1111111111111111111111
(1111111, 11111 1111111111, 11111111 111111111111111, 1111 1111111 1111-
1111111 11 11111 1111111111; 11 11 111 1111111 11111111, 111 1111111111,
111 1111111111 11111111 11111111111111 111111. Ρ1111 bego 1111111
1111111111Η111111. 111111, 111111 1111111111 1111111 1111111111 111-
111111 111111111111 1111111111 11111111 1111111111, 0111111111111
1 11111111, 1111 111111111-1111111111111111111111111 1111111111. Gi

 

