115. 120. 121. 124 130135. 147.152.165. 3011 m. 346.
173174. 178. 492. 3011110 11011110 319. 415.
Anna, 10110 1111111110 101111. 201. 3011051111 Ηο000 1 Κ1010110406.
Α11110,1011010. Β1010111. 181. 30110ογ111 ΙΙΙ. 01. Ρ1011101111110.
Α11110, 10110 11101. 10 LII. 320. 3000119111 110 1101110 138.
Anna, 10111 Κο11111. 10. 0111100. 479. 30005γ111 ΧΙΙ. pap. 223.
Α111101 1110111110 81. 3010119111 1101. 10111. 586. 589.
Α1100, 1010211911. 1110101. 101. 322. 30101100 (11010110) m. 248.
Α1110111 1010110110 132. 30100111 10. 09101. 111. 158. 295. 513. ’
Αο101111000260. 262. 266. 268. 270. 277. 30111010, syn Mik. ks. Opol. 529.
Α111001117101011091324. ¹ 30100111 1101, 81119101 408.
11111001 de 3011111110 457. 301110 m. 220.
1111101111. 301100 24. 41. 61. 301010111οηγ (3010010010011 11. 130.
11100101901). 0100101110. 3011110111 10111. 540.
Α11011γο01110 10100110 292. 348. 569. 616. 629. nmmo„ bisk, Nic. 567.
Α11011γοογ 545. 615. 39010110 (3011010100) 11498.
Ανι10100 m. 172. 3010111111, chan Το111. 203.
31010 herb 011. 145.
Β. 31010111091 m. 289.
3101091611 (ΑΙ10 11090110) 81111001001111119 111. 133.
3010 01. 1110101. 586. 599.
3011111110 81011 1810101) 24· 41· 3101091111 (3010910111, 30101101. 127. 219. 530.
30111010 110 1101110 442. 3101001010, 9101010101110010311.
30190111. 110111. 40. 74. 31001 m. 6. 138. 165. 217. 252. 287. 346. 409.
301101011 (11001110 91. 566. 568.
30110101 110000 (110 0000) 011011 XXIII. 3100101110 8.
30110101 1011. 3. 31101001. 107. 3101119011, 01001325. 459. 542.“
30019010 099010 371. 375. 376. 3101010111. 138.
Barbara, 10110 299111. 000. 121. 123. 216. 221. 234. 31011001 1111011101 48.
338. 341. 533. 539. 540. 551. 31001001 1101100111 542.
3011010, 10110 50111019 0101. 1 00110110 329. monim 00001191011 83. 560.
3011195101301111190011111. 103. 106. 209. 289. 566. 3111111111,101111Ρο109’ 145.
610. 616. 3100101001110101. Biskupice.
501100ῑὶ010 m. 41· 3101100100 (31001010011101111. 161.
3011101110] 110010, 01011. 1101101. 207. 213. 222. 0111109100 11. 413.
225· 227- 31010111 301001 543.
301110111Ιοί 01000 118. 31119119 (31101γ119) 11. 13. 212.
30111001101 0511100 286. mum w. 378.
3011001101 1 0001111352. 3111110111 ob. 1911110 j 1 Β111110.
3011013 11101111 172. 298. 30111011 (30111110)11. 133.
30110113011101)ν.1.0 516. 522. 3011000111 w. 104.
30110111 3101011000 36. 93. 30011110 m. 8. 138. 165. 176. 211324. 580.
3011001010101111010101242. 3001011 3011101101 4. 5. 245.
30110011110111101011 83. 3011101110 11013101. 519.
3011001 101000101019 425, 3011190111 l. 30190111 111. 13. 212. 287. 306.
3011001 pleb. Κ101110. 33. 34. 3091011 3010191011415.
3011001 pan qu. 611. 30901γο herb 011 145.
30111110 111. 571. 3090011001 45.
30110 m. 611. 3091101010 10. 81119. 74. 251. 296. 298. 299. 437.
3010019 545. 459.
3019100 m. 584. 627. 30100111011 61. 66.
3019101011 00101 437. 456. 457. 460. 4784113510. 3010010111 10. Μο1011. 98. 120. 121. 157. 331. 501.
523. 544. 559. 566. 584. 627. 576. 580. 581. 606. 608. 620. 641. 658 659.
30011610 111. 106. 301001οψ 10. 09101. 111. 479. 536.
, 3011110 111. 20. 213. 434. 512. 3010010111, syn Bol. 10. 0901 536. 641. 647.
3019101 1. ΑΙΙ1011011001 603. 604. 635. 638. 30100100, syn 11111. 10. 0001. 529.

 

