81433. 8888888888 88888888. 417

18881818 88 88811818 8 1888181881 8 Β8881818 w 18181 S. J 818888 8,
1118188188 1811 8181 818 888118 1888181888888, 1188 8881818881
8 888818 Β888811888 888818, 818 8 88818 88188818 8888888888 888888-
8188188181818188888 1811881888 88888188. W 18181 S. J 8188888, 881188
88888, 88881811 818 8818888 818888 8 88888888 1188118 8881881 1 8888818
8 Β8881818. Ρ8888 18188181181188818 8818888818 1 811818 88888888 ο po·
1818 181888888 81811888, 818118888181888881 1888188181 818 88818 8888811
18 88818ε 888818 81181818 818888 81881881818188888, 88888818 818 1 88888-
1118 1ο 88888. Ρ881881 1 8888818 8818111 8 8188881188 8818188188 8 Β888-
1818 do 1888888, 8881111818188881 88881881, 8818 888811 88181818,
881881111, 818 8188888 18188, 818 88818888 1818, 8 881818188888 88888 81-
88888 1 81888888 88888888188888 8 188881881, 818 1 18888181 118 888·
818 818 888818 881881881,18181888 8881811 88188 1818 888188811118811
818188 888888888181, 18188 88888818 88818888818 818 888888888 118 888818 88
1818188 81 888818 111118 8181 888188 1818 818818 Ρ88818 888181811
88188811881881888. 1881888188 88118, 818 8818181 8888888818 188881

118111 888881118 888818181888818 88 8888188 881 1188188888, 8181 8188·
8881 8181818 81881 818888888818181188. 1181888 8181 88 88888 88888818 88-
8888188 8 818118881818181881818ε 1 881 8881888 1811888118 88188888 po
8888811181 888181881, 8 88188118 88888888811818 88118 1 888888 18818818

818181, 118 88188818888818 81881 81888. 18188 18118 8888881818 188811818118
1 88818 8818881, 18 818 1818 81888188 do 8881888818 18118 8888881888, 881
1811888818 18188188818. Β88 818818188 881 8888818 181811 818 88888881
88 8888888, 8881818888, 881 8 888818 81181881811188818 1881888818 818 888-
8181881881888881 81888881 8818881818 88818 1 8188888888 81818188
888188881188 88888 81888818818888 mu 88181888 181188 1818 8888118
8888188888 881888, 81 818 8888888 8888881818 8888888111, 18 88 18188 818888
8888888 8188888818, 81111811118 888818 818181818 818811888. Do usu-
818818 88118 188 188188181, 1811 88881881888 188181, 818 18118 88888818 181
8818881 888888 8888888818 8881818. 81888 881 88888118 8818181888, 8ο 1818
818818188 18 8888188818 88888 8 88888 8188888, 81811 1118188188 88·
8888181818 18888888, 88881811 8181881818818 888188181, 88818818 8181888
1881888 Κ81818118, Wolf 8. 88881818 (8888818188 8 08188818,
18888881818888881888.Β8888,18888881888881881,1188888
881818 (1181811811, 8 888118 8 88118, 1118888 8 Β8881818 8888881818
8181811. 08888811 188188 8 81818 81888 88188818818, 18 881888811818 1 8 8181-
118 8888188 881188888 818 8888818818 18 88888. 188188818811 8888 181
181111 1 8818118818 888118 do 811818818 8181888 881888, 8888188 88881181888
18118 888888 18 1811888818, 8 8818 8188188818 88888 1 8188818888818 181-
188188, 88 88181888 888888188888118, 818188 1118881 1 18818188181888,

 

