1111 ·(11111111111111 111111 111111 1111 1111111 1111111111) 1111111111 1 1111
-111111111111 111 111111 111111 1111111 1111111111 1 ί11111111 11111111111111 1
1111111111 1111111111 ι11111111111 1111111111 111111111 (111111111111111111
ι11111111 11111 1 111111 ι111111 1111111 1111111111 111111111111111111111
-111 1111 111 ι11111111 1111111131 1111111111 ι111111111111111111111
11111111111 ι11111 1111111111 11111 (1111111-11111111 111111 1111111111
11111111111111111111111 (1111111111 11111 111 111 1111111111111111
-11111111111111 1111111111 1 1111111111 1 13 1111111111 1111111 1111111111 111111
-111111 1111111111 111 111111111111111111 11111111 11111111 1111111 1111
1111111 1111111 M 1 1111111111111 111111111111111111111 11111 111 ι111
-111111111111111111111111 11111111111111111 11111111 11111 11 1111 1111
11111111111111111111 11111111 1311111111 61111 111111111 1111111111
ι1111111111 1111 11111111111111111 1111111111 11111111 1111111111 111111
-111 111111111111111 11111 1111111 1 1 111111111 ι1111111111111111111111
ι1111111111 1111111 11111 (11111111) 111111111 1 11111111
1111111111 111111 1 1111111 11 1111111 1 111 11111111111111 111111 1111111111
1111111111 11 1111111 111111111111111111 1111111111111111111 1 (1111111111
-11111 1 111 111111 111111111 1111 M 111111 1111111111111 11 11111111 1
1111111111111 1111111 111 11111 11111111 11111111 111111 1111111111 11111
-11111111 11111111 1111111111 111 1111111 1111111111111 ι1111111111111
11111111 ι111111111111111111 1111111111 1 111111111111 111111 111111 11 111111
11111111 111 1111111 1111111111 11111111111111111111111 1111111111
’11111111 11111111 111111 111 1111111111 1 1111111111111 11 11 11111111
1111111111 11111 11111111111111111111111111 1111111111 1 11111 1111111
ι1111111111 11111111 1111111111111 1111 1111111111 1 111111 11111111111
111111 111 11111111 11111111111111 1111 ,,·11111 11111 1 11111111 111“
111111111 111 11111111 1 11111111 1111111111 111111111111 11111111111111“
111“ ι1111111111111111111111111111111111111111111 1111111111
ι11111111111111 1-1111111111 111111 111111111111111 11111 ’1111111111 M
1111111 111111 1111111111 11111111 1131111111111111111 1111 1111 (1111111
111111 1111111 1111111111111 111 1111111 ι1111111111 11111111 11111 ι111
-11 11111 11111111 11111 (1111111111111 111111 111111111111111 11111111111111
11111111) 11111111 11111111 11111 1111111111 11111 1111 ι11111111111111111111
111111 111 111 1111111111 11111111111111111111 ξ1111111111111 1111111
1111111111 1 11111111 M 1111111 11111111111111111111111111111111111
1111 1 1 ι1111111111111111111 111111111 111111111111 ι1111111
-1111 1111111111 1 1111111 111111 11111111111 111 111111 11111111111111

11111111 11111111 1111111 11111 1 1111111111111111 1111 11111111 M
1111111111 11111111 1111111111 11111 111111 (1111111 11111111 1111111

-1111 1111111111 1111111 111 M 11111 11111 11 1111111111111 1111 111

1111 ·a 11111111 1111111111 911

 

