00 000 ’000 ’00000οο osona ’10080000 ’0
’00000000 0000000000 0 (00000 [0000000 00000000
- ι00000 00000 0000000000 000 [000 0000 0000000000 00000000
000000) 0000000 00 *00000000 00000 0000000000
ι00000 000 0000000000 000 00000 000 *0000000000 000οΗ

00000000 0000000 000000 00000000 [0000000 00 0300 0000000000 0
00000 000000000000 00 0000 0000 0000000000 03 00000 000000 00000000
00000000 000000000300000 0000 0 0000000000 000000 0000000000 03000 0300
-00000 0000000 ’0000000 0 00000 00000οἰ 0000000000 00000300 00000 00000
-00000 0 03000 00000 00 0 00000000 0000000000οἰ 000 0000000000 000000 ί000000
-000 0000000 0000000 00000 0 ι0000000) 0000000 0000000000 (00000000ος 0
000 000 00000 0000000 00 00000 00000 000 0000000 00000000 000003 00000
0000000000 000000 0 0300 0000 00000 ι0000000000 0000000 0000000100 ι0000000
-uod 0000000000 0000 0000000000 00000 00 00000 0 003 000 ’00000 0300 000
0000000000 0 ,,·030000000 0000000 000 ι0000003 0 00000000 000 000000
000 0030000000 00000 00“ 00000000οἰ 000000 ί0000000001 0 00000 0300 00 000
0000000000 *0000300 0 000000 03000000 0000 00οΓ 0000000 000 00000 ί000

-00 00 0000000 0300 000 0000000 ι0000003000 0 0000000000 0000 00000300 i

0000000000 000 0000000000 0 00000100 00000000 0 ss 0000 ἐο00000 000 000 000 00300
ι0000000 ,0000000000οἀ 0000 000030 00 00000 00000 000 000000 00000 00000
ι0300000000000001000000 0000000 000000 00000000 ι00000000 ι00000000
000οΙ 00000000 0000 0000000000οΙ 0300 0000000 0000000000 ’00000000000000 0 00000
-0000000300000 0030 0000000 0000000000 03000000 0000 00000 000030 0000 000 Ι
0000000000 [00000 0000000000 000 00000000 000000000οἰ ,(000 030000 [00000 000000 ³

-0000 0 000000000 030000000 0000 0000000000 0000000000 000 ι000 0000000000 =

00000000 0000 0000000000 00000000 0 00000000 000000 ί000000 0000000000

- 000001 000 00000000 00000000 00000 00-000 000000 Ι000000 *00000000 000000 00

00003000 000000 0000000 00000000 000000000οΖ 0000000οΙ 0300000 00000000 000

ί00000000000000 0 00000000 00000 000 00000000οο0 000000 000 00 0000003 003000 k

-000 00000000 00000000000000000 000000 0 000 ί00000 000000000οι0 0000000 0
000 00 0000000001 000000 0 000000 000 0000000000000000 00000 000000000 0000000
0000010 00000 00000 0000000000000 000 ι0000000000000 0 00000000 00000 00000
00000 000 ι00000000 0 000000 000000000 0 000 0000 00000000 000 0000 00 ¹
00000000 0 ί00000 000000000 0 030000 0000000 0000000000 0 00000000 0000000 A
-00 00000 00000000 0000000000 0000000000 00 000 ι000030 0000000001 [00000 0 ἶ

0000000 Ι000 0 00000 0000 0000000000 000000000ορ 0 000000000000000 03000000 ⁴
0000000 0000000000οἰ 0000 00000000 ι0000000 000 0 0030οοοἰ 0000000 0000000 0
0000000 ’0000000030οἰ 00000000 000000 0 000000 00000 *0000000000 00000
-0000 0000000000 0300 00000) 0000000 0000000 00000 ί0300000 0000000 000000
00000 0 00000 ι00000000 000 000, ’003001 0000 0 000 000000 0000000000000000

633 00000000 0000000000 00000 00

 

