11. 1420. 1111111111 11111111. 247

,1111111111 1111111111, 111 1111111111. Ale 11111111111111111111111111
,11 ningo 111111, 1111111111 11111111 1111111111 1111111 1111111111 11111111,

,1 1111111111 1111 1111111111111Ι 1111111111 1111.“ Pomm 1111 11111111 ,

(111111,111111Η111111.11111111111181111111111Ρ111111,11111111
11 1111111, 1111111111111111111111111 1111111111 11111111111 wito}-
1111; 111111 11111· 111111111111111 111111111111 1111111111 1111111 11 Ν11-
11111111, 11111 11111111 i 11111111111111 1111111111 1111111111 1111111111]-
111, 1111111111 1 1111111. 1111111111 1111111, 1111111111111111111111(111111
111111111111, 1111111111111111111111, 1 1111111 1111111111 Ρ11111111111111111-
111111 1111111111; 111111 1111111111 1111111 11111111 111 1111111 111111111-
11111 (11111111111111111111111111111111111 1111111111, a 11111111 11111-
1111 1111111111, 111111 1111111 11 1111111111 1111111111111. Ζ 111 1111111111 11-

11111111111111111111111111, 11111 11111111 1111111111111111 1111111111 , .

1111111111, 11111 11111 1111111111 1111 ich 1111111 11111111111 1111111111 in·
11111111. ’

11111111, 1111111111111111 111111 1111111111111111111 mnam, 1111111111 , .

zanek ἵ111111111 111111111111111 1 1111111111 na 11111111 ἰ 1111111111, 1111-
gio 111 1111111

2111111111111111111111 11111111111,11111111111111111111111-
11111111 11111111Ρ11111, 11111111 Ρ111111111111111, 1111111111-
loga 1111111111111 11111111 1 11111, 1111 11111111, 1111111111 11 1111111111
111111111111111111,1111111111111111111 1111111111, 1111111111 1111111111,
Ρ1111111,11111111111111111,1111111111111111111Ρ1111,1111-
11111111 1 1111111 1111111 11111, 1111111111 11111111 111111111111111111111-
111, albo, gdyby 11111 11111111, 111111 111 1111111111 11111111111111111
111111111111111111. 11111111ῃί1 Ρ11111 1111111111111111,1111111 Zyg-
1111111 11111 1 1111111111 11 1111111 1111111111,111111111111111111111111,
1111111111 mog} 1111111 111111111111 1111111111, 11111111 1111111111 111111
1 111111, 1 1 1111111111 111111111111111 1111111111, 111 11111111 1111111111111
1111111111111111111; 1111111· 11111111 1111111111 111 111111 1111111111 11111111.

1111111111 1111111111 111111 1111111111 1 1111111111 1111111111 11111111, 11-
111111 Ζ 1111111111, 1111111111111111111111 111 11111111 1111111111, 1111
go od 1111111111 1111111111, Ρ1111111 11111111 11 ich 1111111111. 11111111
1111111111, 1111111111 11111 1111 111111, 11111111, 1111111111111111111
1 1111111111, 1111111111 111111111111 1111111. Α 1111, 1111111 11111111 11·
1111111111, 11111111 Ρ1111111 1 111111 1111111111 1 bez 111111111111 111-
1111111111. Legio 1 111 1111 11111 1111111 01111111, 1111111111 111111

 

