82 0110101111 11011110. 11. 1410.

01111011 11100101 1 111010111011 111 1100111101111111011 Ρ1001101, 11111111
1111101011, 001100110110101110, 11 11101001 [10111ος0 01111111, 001011110101111-
0101 10 101010101010 1 1111011 1111010101, 100111 10 Ρο1011 1 0001010111.
W samej 01111111 00101010111 010111 01101111 go wypadek zlowieszczy. (111110-
wiern przyprowadzono mu 101111010111030, 11111 go by} 110011 1-1 011010 11111101
1111111, 111111 Ι11101111 1101110 1 000111001111101111, 1 1101)7 1111 1111111111
1101011 0111011110, 11111 111110 1 1001 1111101111. Ρ111101111111111111111111,
1001101010111110111011111111111110110111, 11011γέ111011 1011010110 00111-
11110111110111 1111111010111011110110011111111 0011011 100011. 11101 0011111
1 0101111011111110 110011, 10111101 Μ1110111111011 11111110] 11 1111001100
1111001101 111111 0101101111 11110111, gdy 0110101101 11 110100111111 1111110101,
110101Ι 1111011110 11111 01 111 11110 0111010110 1111110101, 0111110010111111111011
suche i 01110110 1110011111 1111110. 01 1111010 1101111011 0001010111101011111110;
11001011 010 0101111 biegunka·² 111 11111 1110111 1011101111ῑο 0111101110. 1110 11101510
0110101101 0111111111 11110] 110011, 111111 010101011111111 Η 0111111 v. Plau-
en, 1 0110101100111111011010 110010101011, 0101110111, 101111010110011-
111011 1111101011, 11111 111 10101110 0111111111, nie 0101011 ju& 11010111001101110-
10111, 1001 1010111 byli 1111101 00111011. 1111110101110101101111110111011 10111111
Henryk, 1011110111 11110111 0110101010 11111 1101001 0101101101 11011011,
111011101011 1111111110, „aby przynajmniej Jeszcze dni 0101111010 1111110111
„w 0110101110, 1111101110 mu 1101110111 1 0001101011, 10 1111 Ρο10111111111011
,11111110 011011.“ Ζ111011010111 10100101111111 1111110111, 000110001111001010 01101
1110101110010 wytrzymywa6 0110101110, 1 11111 1011111 1101110101110111, 10 po
11111010 tego 011011 1101101111 1101110 1101111 111101 11110111 Ρο1011011111.
1)οό1 111111 10 01011111οἰ0 dni 1101111011, 1111110110 1111 Ρο1011, mimo
rady 1110101110 1 01101010111 0001011 1111111, 111111 1 1110111 1010011110 1 111-
111 101011 0100011001111111, 0101101101 0110101111, 1 01111110 111 1010111010 1111-
1101101110110100110111111111111οἰ0 0011111111 001111οο1011 010 011111 1 1111111111.
Wtedy dopiero 00111110 010 1011111110, jak po 0111001001111 1111 1100111110101-
mi 1010101101011101111111 1111 1111 110101011011111 1 01100101110111. ’10
10111010 0011101110 010 1 wyprawy 00000100110 01110110 11010111 1 zgubne 111
111111 wojny. Pierwszym 111 1011101 1 00111101 tego 0011101111 hyl, jak 1110010
00111110, 101110] 1 Γ10011111 1101101111 Wojnicki: 1111)1 10 11110111
01110111111111111 11110110] 0111111 1111010001, 01111110 1111101111 do powrotu wielu
0011101111101111, 0111010101 0011111 011010 10111, 111001110111, 10111011110
1111101011 1 101110010110]Ι 1110101, 111011 WQgrzy 11011110 1111100011
1 810101101011 ogniem i 11101011 0101001111. Inui 11110 111101Ρο1001,
1 1111101011 01, 1111101 by} 101110 Alexander 1111011 010111011ῐηί lub 0110-
101011111 1110101010110110111·, 1111011111 0100011110, 1111 111111111111101110]Ι
01011011 01 01101011111111111111101110101. Α 111 10110 0000100110, jak 10

 

