-22 2222222222 M 22222 222222 22 22222 22222222222222 22 2222222222
22222 ι2222222222 22222 22222 22222 22222222 M 2222222222 222 222222 ’
2222 2 22222 22 ι222 2222222 22 222 2222222222 222222 2 22222222 22 22222
Mt 2222222 22222 2222222222 222222222222 2222222 2 222222 222 2222222222
222 52222222 222 22222222 2222 2222 2222 222 22222 22222222 22222 2222222
2 2222222222 22222 ι22222222 22222222 (22 2222222 ’2222222222 222222 22222222
-od ‘vzpom 22 222 2222 23222222 222222 (2222222 M 2222222222 2222222
ί222222 2 22222222 2 ι222 2 222 22222222 (2222122 [2222222222 22 22222 ,
22222222 2322 222 222322222222 2 22222222 2222222 22222222 M 22222
-222 2222 222) 22232 M op 222222 222 222222 2322 2222 2222222 2222222
222222 2222222 2222 ι2222 222222 2222 2 22 22222 2232222221 ι2222222 22
22222222 2 2222222222 22222222 222222 2222222 22222 22222223 2 2222222
-2222 22222222222222 2222222222 222 ’2222222 222222 22222222222222 2222222
222 2222222 22222 222 22222 ι2222222 222222 2222222222 222222 222 *2222
23222 2222222222 222 222 (2222222 222 2222222 222222 22222222 22 2222222
22 222 22222 2222 2 2222 ι22222222 2222 22 2222 2 2222222221 2 2222222222
2222 22 222222222οᾶ ,,·222222222 2322222222 22 222 22 22223 (2222222
2222222221 2 2222 2222 2 2222 ι2222222222 2222222 222222 22222 22222 !“
22222 2222222 22222 222 2222222 2222222 22 2322 22222 22 2222 2222ις
2222222 22222222 222 22 22 222 ι2322222222222 M 2222 222222 2 ι222222 2222
2222222222 2 2322 2222 2222222 22222222 222222222222 2 22 222 ‘md‘
-22 2 222 22222222 222 222222 222222 2322 22222 ι22222 22 222222 22 22222*
2222 2 22222 2222222Ι 22222 22 22 222 ι2222222221 22 22222222 22222222·1
22222222 2 2222222 222222 22 2222222222 (222222222222222222222
-222, 222222 232222 ι2222222222 2222222222 22222222 222 222222 2222222ς

 

222222 [2222222222 222 ι22222 ‘go 222222 22222222 22222 2222 22 222222
2222222222 22222222 22222 (2322222222 2222222 2222222 2222 2222222222
2222 2222 222 223 222222222222222222 2222222 222 22222222 22 2222 222ς
2222 22222222 22 2 22222 22 2222 2322 222222 off 2222222222 ι22232 M
22 222222 2222222 222222222222 222 2222222 23 223222 2 2222222 22222
222 222222 2222 2322 22222 2222222221 2 222222222222 222222 222 2222222222
2221222 2222222, 2 2222222222 2 2222222 222222 22232 M 22 2222222222
222 2 2222222222222 22222222 22 2222222222 2222222 2 ι22222222222 M
2222222 2222222 2222222 22223222 22 22222221 2 222222 22 22222222
222 2222222222 ι22222 22222222 “,222222223222222ς 22222222 2222 “
2222 22222222 M 22222222 ι2222222222 2221 222222 2222 2222 222222

222222 22 222 2222222 222 222222 2222 2222 2 222
ἰι mu 2 *2222222222 22222 22222222 2222222222 2222222 22222222 mma

'er Ἦ 2222222222 n1 2222222222 293

 

