1. 1415. 1111111111 11111111. 113

111111111111111111111 11111111, 11111 111111 11111111 1 111111111111111
11111111111111, 11111111111 1111111111, 11111 1111111111 11111111 Mar-
1111 1, 111111111 111111 111111111 1111111111 11 111111 11111111. 111
1111 1111111111 111111 11111111 11111111, 111 11111111 1111 111 1111111111
11111 1111111111111111111 1111111111111 11111 111111111111111, 111111111,
11111 111111111111111111111, 111 11111111, 1 111111 11 11111 111111-
1111, 1 111111 11 111111111ῃί1 1111 Β1111 1 1111111111 111111, Ρ1111111, 111
1111111111. 81111111 11 1111111 111111111, 111111111 11 1 111111111.

euagon 1111111111 111111 11111111.

111111111111111 11111111 (1111111, 11111111 Β1111111 111111111111
11111111 11111 (11111111 111111111 Κ111111111. Tam 1111111111 1 111-
? 11111 11111111111111111 1111 1111111111; 1111111 11111111111111111
1111111 11111111 11111, 11111 11111111 111111111111111 1111111111. “
11111 1111111111 11111111 11111, (11111111 ΧΠ, 1111111111 11111 (111-
11111, 111111111111111111 11111 Κ11111 11 1111111111, 1111111111111
1111111111, 111111 111 1111111111 1111 111111111 1 1 1111111 1111111111
1111111. 1111111111111 1111111111 1 11111111111 1111111111. Po 11111111
1111111111, 1111111111111111 11111111111111111 1111111111 1 1111111111111,

11111111111111 1111111111 11111 1111111111, 111111111 111111 1111111111. Sie-

11111 11 1111111111 111111111.

nou 11111111 1111.

1111111111 1111111111 1111111111 v 1111111111 1111111 1111111111 1111 111111111-

stu 11111111 1 1111111111 1111111111. 1111111111 1111 1111111 1111111111111111

1111111111 1111111111, 11111111111111 1111111111111, 11111111 111111 11111.

111111111111111111111 1111111111 1111111111111111111111111 11111 11111-
11111 1111111111111 1111111.

1111111111 11111 Ρ11111 11 11111111 1111111111 1111111111 111-
1111111 111111, 111111 11111 1111111 1ο 111111, 11111 1111111111 11111
1111111 1111, 11111 1111111111111 1 111111 11111111 1 1111111111,
11111111111 1111111111. 1111111, 11111111111111111111111, 111111111 811-
11111111, 181111111111 11 111111 1111111, 111111111111-
1111, Κ11111, 11111, 11111111, Ρ11111111, 11111111, 1131111
11111 1111111111111111111 11 111111, 11111 1111111111111111111111 Pali·

 

