’0000001 0000000
-000 000010 [00 po 000 0000300000 0ορ 00000 030000 000 ι3000000000 3000000
0000000 0000000000 000 03 00000000 ι000000 0 0000 000 00 0000000 0000000
0000000 0000000000 00000 00000000 0000000001 0000000000οΓ 00000 00000 000
0000100000 0000000οΗ ι000300 (00000000 000000 30000 00000000
00000000 00000000ου00 000 000) 0000000000000 0000 00000000 0ιο 0000000000
ί0000000000 0 0000000 ι0000000οΖ (0000000000οΝ 00000000 00000000
0300000000οἾ 0000000000 0300000000 (0000000000 000000 00000000 [000000οΓ
-od [000000 op 00 00000000 000000 00000000 ’00000 0000000000 00000 0 00
0000010000 ι00000000 000000 0000 00000000 [00000 0000000 0000 00 000000 00
0000000000 0 0000οω00 op 000 0000000000 000000 00000030000000 0 00003000
*0000 0 000 0000000000οο 000 00000 ,000000 000000 00000000 03000000 0“
00000001 0000000 0 ι00000000 0 000000 [nophe 000οΙ 00000 rorone mqsmw

0000000000 00000 0000 0000000 00000000 00000 00000000 fes 000 (0000000000 00006( ,

-00000 000 0 ι00000 0 00000 00000 0 0000 0000000000 000000 off :Hompemodpo
000 00 000 ,00000000 {appo 0000 000 0000 0000000 ί000000 00000 0 fn[0q“
op 0000000000 000000 000000 0000000 0000 ’00000 0 00000000 000 00030000
0000 000000010οΝ 000000000000 00 000 [00003 00000001 000 000000 0000 0“
0000000000οᾶ 00000 000 0000 0003 (00000000 00000000 0000000000 00οΓ 00000 0p“
000000 0 ‘nfoq op 000000 00000000 0 ’00000 00000000000 ι000000 00 0000000 0“

0000001 0000000000 0 (0000000 Amnis 00000000 ι000000 (00000 0000000 0000000000
00000000000001300000 000 Rq& 0000000000(ἰο 00000030 00000000 00001
{ts 00000001 0 ι00000 ’0000000000 0000000Κο 0 0000000000 000000 0000000000οᾶ
00000000, 0 0000000000 0000000000 0000000000 0 (030000000000000000)
0300000000οΖ 0000000000 0000 op 00000000 6000000000001000 00000000 00000
000000 0000000 000 3000000 ι0000000000 0000000 00000000 0000000000

000οι mul mosum ’00000 &mos 0000000000 030000 0 00000000 00000030

0000000000 00000 00 003000 00οξ 0000000001 03 0000000 ί0000000000 00000000 0000
00000 00000 ,,·000000000 00000000 00000 0000000 0000000000 ι0000003000000 ‘’lq“
-000 00001 0000000000 ,0000000000οο 000οΓ ί0000000000 00000 00000000 00000 00“
00 ‘os‘ :fegzpegmodpo „ghfinfs 0 000000000ορ 00000000 00000 0 00000 000000*
-000 00000 0003000 000 0 0000 ι0000000 >W 000000 0000001οΖ ,,·000000“
000 00 00 ι000 00 0000 00000] 00000000 0000000 0000 0 00000000 00000000*
00000000 000 00000000 ‘es ‘Hmlogon 300000 N 0000000 003 έο000000000 00000α
ι000 00000 0000000000οι qus ί00000000 0000 ί0000000000οε [0000 0 0000000000α
op 00000 000000000οἆ ’0000000 0000 0 0000000οε 0000000000) 00000000 (0004(
-000 op 0000000000 ι00000000000000000 000 00000 00 (00000000 00 00000000

’01οΙ ’ὶι · 000000νο 0000000000 35

 

