111444. 1111111111 111 1111111111. 165

1111111111 1111, 1111111111 111 1 1111111111 111111, 1111111111, 111-
11111 111111 11 11111111 1111111 111111.

1111111111 11111111111111 legat 1111111111, 11111 11111 11111111
11111111111111111 1111111, 1111111 111111 1111111111 111111111111-
111111, 11111111 1111 111111111111 1111111 8111111, 1 1111111111111, ,11
,1111111 11111111 1111111, 111111 11111 1111111, 1111111111111111111
,11 1111111, 1 11 11111111111111 11111111 111 1111111111 111111111, 111-
,1111111111 1 1111111111 1111111 1111111111 1111111111 11111111 111111
,11111111111111Η1111111111111.“ 111111 11111111 11111111111, 1111-
111111 1 1111111111 111 1111111111 1 (11111111111, 111111111 111-
1111111 1111111111 111111111111111, 111111111111 111111, 1 1111111111·
111111111 1 11111111111111111111111111111111111 11111111 11111111. 111111
111111 1111111111111111111111, 1111 1111111111 1 (1111111111111
1111111111111 1111111111 11111 111111111111111, 11111 1111 1111111111111111111
11111111111 11111111 11111111. 111111111111 11111111 11111 1111111
1111111 11111 1111111 1111111111 1111111111111111111111111111. 11111 11111-
1111, 1111111 11111111 11111111 11111111111111111111111. 01111111111111,
11111 1111111 1111111 111111111, 111111 11111111111111111111111·
1111111, 11111111 11 (111111, 1 111111111111111111111 11111111111111
111111 11111. 11111111111111111111111111111 1111111111111 11111, 111111-
11111111 11111111 11111111 1111111111111111 1111111111 111111 11111111
1111111111 1111111111 11111 (1111 Maurum), i 111111111 1 11111111
1111111111111111, 11111111111111 11111 1111111 11111111111, 11111
11 111111 111111111111111111111, 11111111111111 11111111 (Romania)
11Β1111111,111111111111111111111 1 11111111 11 11 11111
01111111111111111111,11111111 11111111111111111111, 111111
111111111111111111, 11111111 1111111. Ρ11 111111 1111111111 1111
1111111, 11111111111111111 11111111 111111111 1 11111111 1 111111
(1111111, 1111 11111111 1 1111 111111 11111111. 11111111111111111111
1111111 1111 1111 1111, 11 1111111 1111 11111111 111 111 11111111 11 Du-
11111, 111111111111111111 1111111111111, 1111111111 1111111111ςί,
11 1 11111 11111111 111 111111111111111 11 1111; 111111111111111111111

11111111111111111 111110111111111111111 1111). 11111, 1 111· Ι

11111 1111, 111111 111 1111111 11111 111111 1111111 1 1111111 111111111
(111111, 11111111 111111 111111 111111111111111. 11111111111111111-

tego 11 1111111111, 11111 111111111111111111111 1111111 11111 1 11111111.

1. 1111111. 1111111111. xs. 111. 84

 

