111

3515115111, ks. 01551. 2. 158. 290. 295. 317. ’31511555 1151111511. 145.
3515515111, syn Βο115. 01551. 317. Βγ11955151111. i 15111. 42. 92. 95. 97. 109. 463.
3515515111 ob. Swidrygiesso. 471.
ΒοΙοιὶγ ob. 1551115555. 3151115155ἠί ob. Pakosz.
6511115511Χ15511. 107. 1111111155 111. 257. Ι
351151115 111. 107. 139. 140. 167. 11115111 111. 2. 400. 479.
8515115 w. 267. By10w m. i 15111. 74.
6515111155 star. 1115111. 12. 311115 11. 14.
651γ51511155 15111. 532.
nomin ob. 3511155111. 0.
31551511 111. 115111. 116. 476. 532.
3151165 m. i 15111. 316. 450. 05551 (015551, 015551) wyspa 115 Dunaju 130.
Brund· 15111. 1585115551. 120. 121. 171. 293. 295. 603. 617.
510. 01151642..
8155551515115511515511142. 74. 0151515515511 511. 8151151511 1011515115-
3151151 m. 201. 1115
81511511 (3151111511) 15111. 29. 41. 74. 273. Chamon ob. Karwen.
. 31115 (111115) 11. 89. 463. 01155111γ 111. 115111. 66. 289. 306. 310. 322. 434.
61515511 5113 50115]Ι 1 8111115515. 01151111 111. 135. 175. 251. 320. 492.
ared 0111511514. 055151551511511115 41. 72. 74. 75. 81. 110. 122.
3156111511. 473. 210. 222. 255. 260. 270. 277. 281. 525. 562.
31561155 m. i 15111. 41. 70. 73. 87. 99. 161. 162. 0115115115 111. 72. 161. 282. 496.
163. 165. 282. 0115151515 11511115 37113. 141. 401. 418. 461. 462.
311151 (31111) l. Μ551, 111. 333. 548. “
1111111511 111. 135. 0115111 jezioro 21.
6151156515 m. 41. ’ 0151151611 15111. 426,
111511511ιί1 111. 42. 0115111155 111 96. 463. 467. 468. 477.
31159 m. 327. 0551551615 w. 84.
511115111551111. 12. 87. 103. 106108 138. 0115515115 111. 461.
199. 214. 239. 240. 267. 280. 284. 307. 312. 0151γ1ι (0151151111) w. 155.
376. 423. 472. 477. 511. 516. 525. 606. 0155155111 111. 85.
811516 1115111511 (151155155115) 306. 434. 481. 0155151111(0155151115)15111.631.
607. 608. 0151511515 herb 511 356.
3115515 111. 217. 01551γ11 111. 2. 135.
6115111155 w. 293. 01551155115 1151551115 2. 498.
Β1151551511γ l. 611515915111511 ob. 15111151. 015115515511. 217.
6115155155 w. 418. 015151 11515111. 145. 318. 392. 412.
811515515115 1511111 624. 015151 ob. 6151151511.
81151551 111. 174. 0151515131. 01151111. 418.
311115111124. 129. 130. 131. 153. 219. 510. 519. 0155511. 130.
569. 583. 585. 587-590. 596. 603. 611. 612. ογΙΙΙ 167.
615. 616. 617. 619. 621. 627. 629-631. 634. 01111651155511511511115. 1151. 119. 320.
ffifflffiffiffl ww
6111151 11555115 93. ογ515151 218.
nug 11. 135. 410. 412. 015115 511.Μ11ο15]“.
85195115219. 655. 660. 602. 664. 665. 0151111511 qu. 588. 611.
51111. 156. 0151111151, 6115151 186.
6515111115 127. 015551 ob. 1511.
35115111 1155512441. 0151115 1115115 (111515 1551151111, 111515 murum)
Burym 111514. , ’442
31151 (Boset) m. 174. 176. 0151111611 w. 371.
11515151, 11511111 0111145. 01511155511 ob. J 511.
9515515ψί51, herbu 0511151155 145. ' 015111γ 155 335.
35111111, 11511111 'sopor 3. 145. 0151151γ511 ob. 111511.
35111111 1 lomina 160. 01515111, Litw. 416. 424

11511γ111 511. J 511 y. 01511515 111. 8. 204. 2884

 

