672 4444444444 111 4444414444. · 441444.

,414 44 441411444 4 111444 414 414141144 4411444 14414, 444414 4141444 14-

, ,4414 4 411411 41444 44414144 444444 444414 441444 1414 44 41444, 44 44-
,11414 44 4144414144 4444411141 1 1144444 1441444 444444 441444 4144414144,
,4114444144 44144414 414 44144414. 11144144· 44414144, 11444 w 44144441
,1444444441 141 4441444414 4444444141, 1 mimo 44414414 44444 144444 44144441

' ,4441414144 4441444 44111, 44411141444 444411 444 1441444414 jak 444444
,444444 44444441414444 414144444411 1 444 4414 44414141 14141414 4414144,
,441 414 444144441444411441 1114, 141411414144444 1 44144444 444141 go 44-
,4444 44 411444 1 4144444 44444 1441414 81444 4441444411, 4114 414444 44-
444444 44414444 414 44 4444141444 44144114 44414. 1144444 14441444 w 44414-
44414, 1414441, 44441 11444444144144444144444114414 41444414411, 414-

411 1 441441444441114141444 141144411444 4444414, 4444411 44141414 w 41444
4444141441444, 4444, 44444441 44444141. 111414 44141411, 1141 4 ’14444114-
4441444 4414144 4141 44 1144144414 ,114 44 4441414144, 114444441,
,44144444444144441444141114, 114444 444414444441 444141414, 44141441411
Ale 1444444 141 14 4144; 444144 1 14414 4411444414, 1144414144 4414141444
44444444 414141 14 44111. 11411444141411441 14114 44441 4444414444144 ; 414
1444141 414 41444 4 44414414 444444 4444, 441 444 4414141 414 44 44444 44144-
4444414441 1444444444. 141144 4444444 414441 1411 4444414441444, 14 44444
4144441444 114414414, 44444 44414 4444114, 41414 14444114 141444, 44441
444444· 44444411, 44114 44 4444441 1 414441441 4414411141411. Sam 14114 444- A
4444414144, 14441444 44441 14414441141, 44444444 114414 1444444 1
4444441444, 414 44414444 44 14414 4441441 4 44414414. ci, 111444 4- 414444444 1
444114414 44441144144414 41444 4414111, 1 114444141444 4144444444141411
414 44414411, 144· 44444 4444 44144411- 4414444414 4 44414414, 41444441114114
44444 114444· 4444444414 414 14 1141441; w 44144444 441 4444444 4444414144
41414 1414444 14414441141 414 1441411 4111144 41414 4141, 4 414444, 44411
14444 414 141411 111414 4441441444; 4144444444 4444444 114414 4444444 141-
14441141 41414 444144414 4444 1441 14144441 44444 444 4414 1 14141 44414444,
4441414444 4144144411414 44444414 14414 4441444 4444411444 141114414414141·
1441, 441 14414444 4414144444444141444, 1 sami ’14444 44141144 4414144141 ζ
44 4444414444. 1114 4144144 4444414 41141411 4444414 4414444441 1441441444- ³
mi, nie 1414111414444 14114441141 4444414444 444444144, 41414414441444414- 1
441414, 44 4414414144 4444, 4 414444, 414 14144 41444141444114 414 4444114
14 44444 41444 1 44 44144444 4444411444] 44111. 414 1444 Η441414
4 444444144444 114414 11444444 41441414144144444444141 441144414; 444-

1411 4441414 144141 41444 414 14114 4114444. Q

}

 

