1. 1414. 1111116111 11611116. 161

1111111111 1111111116 1116116111 S. 111111 1111111611 1 6111111611 111161
1111111, 11111 11161 tego 11161 1111111116 1111 1611111111, 1661611
161 1111611166611111111661116111,1116111Ρ11161 11111; 11116
21111111116111111611111116161111111161616161111111161161
116111, 1 1611111611 1 niego mnogie 1111 11111 11111111; 16161116, 111161-
616 1111616116 1111111116, 111161161611111 1661616 1111116111161, 111616
1116, 11111, 1111, 11116611116116611161116116, 111161111611 1111161116.

11111116161111111111611161161. 1611111 1111161111, 111111 11161616111111

11111 61111111161611611611111111 116111161611111 1 11611111, 1 11111111

11111111611616 111111ιί1 11611111. 111111 1111111 11111116111111161111
11111.

Ζ 11666611111 166111611 1616111111 1111 pod 111616 Β1611616-
161161, 1116161161616111 1 1611111 1116116, 11116111111111161616111-
1616116 6111111611 111116, 1 11116161111 616111611116 1111611611 1 1111116-
gnta 11611111116616, 6161116, 611116 1 1611111, 116166 611111161616 1116-

1116116. 1111161111 Ι161111 1111 1 611161116 11111111 1 Β1611616161161
1 1611611111 161616 161 01611116 1 16111, 1611111116 1111611 611611,
1 116 111111111111111161, 16 11611111161111611 161 61611 16111111. 116
J Κ1111161, 1611111111611 611 6 11111116 11111, 1111616111611116116161 1616-

116 1 111111 111161611111111111, 161661116116111111661111611 (11161111
1 1611111, 111111111111111116116161616111111, 11111 61116 111111161111
1 16161116, 1 61116111 1111161 111 11111611616 1111111, 11111111 16 1111-
161111111611 Β1611161, 11116 1631611111611161616 611116116 116116116

³ 1111111111, 11116 1111616116 1116116, 111611 611111 1661616111611116111·

116111. 111611111111111111116161616611161, 11616111 11661616 1 11611616,
11111611 11 111 11 11611,1 111161 1111161111 1111616116 61111111116661111-
1116, 11161611 16111111Β16111611616 16 11161111Ρ11611616. 111111
111616611111111111111611111Β16111611 1116111611 ,16 1111616 Β1611161,
,1111161111 111 1611661616) krol Polski 1111161111 611611, 116 1111616 11111

ι ,11111111 1116116 661116161111111116, 1611111616 1111 1616111161 11-

. ,111111 11111 1 16111 1611161116116611611; 111 1116 1611 1161111161 111111

,611 1111616116611161 11116111 mu 11116111, 1 11111111 116611161111161611,

1 ,1111161 111616111116111161616 1161111611 1111611.“ 1611111111 116111111616
ζ 1166111161 1111111111 11161611 6161616111 61111111 111111116111616161611111111.
. 11161 1111 po 1111611116 11611, 11111111 116 1611111111 611 1111111161111111,

11111 1611 1161111161 116111 6166111116 11611111161 Β1611111, 11111, 11111

1 1611111611161 6166111 1616111611, 111 116 161116111111616 16 1111611 161611.

J, Imm. 11116161011116. ΙΙ. 11. 21

 

