01416. - 0011010000 10010000. 183

00100000011110101101001001010011. 011000 11000101 00000 001110 10000
1111000 01010011, 11001 1001010; 01010010, 0 01010010100010010001 01000
1001011011001000 110011, 0010010010011010101, 1 101 01011 010100010
0101001001 010101011010100101.

11011 (101000 100οι01 10101111 xm, 001010. ’1100001 1111 11110011, 1100000

1101001 10111 1010111 111101 1111001110110010101101, 11111101 10101110,

10101 razon 001110 00111101 ι 1010 1101000110. 10101100101010111101101-
01011000 11011001 11101110 0001010110 101010 0011001010. ·

21010001, 1111101001111100101011, 00 010111 01010 Kon-
01000101011000 001010, 0001000010001 0101010 10 1111001010 11100000,
11000100010010 Ρ10110101000, 0000000 Βο001111010 XIII, 01000-

0 0100010100000 0 1111001010 110001011110, 011 010011010 0011100100, 1010
² 1001010010οο 100000 11000 01100101 0 Κο00100011 1 0101111 01 101101-

001001. Ale 011 1000000000 110110101000 001 010110 001 010110, 010
0101 0 0101000110 00010101 000100, 0110110110 0010111000101011110
1100010110, 11 00101θο100000 11011001 10 Luna 01101011 0001000011-
0100, 0 1101101010 01101010 001010, 110 0010100010100100100000 10101010.
10000001 001 11011 Luna od 10111001όο 1 01 00010111011010 01001οε0010
0010101001 010 0000000001 1 0111011, 0101010 10 001010 1001000011, 11010
11010 0010110011. 1000110 11010001 1111 01100000 0010010110 1100-
, 011, 10 1010010 101110, 0 0010 1000100010 11111όο 1001010110οο
0 1100000110, 1010101 11111101 0001010 1000110 010 00100, 1 100 101, 110-
01100 0001 0110010 10100010 110011. 111101001 001 00110 11010001, 10
00110 100010 0101001000 w 0000101010 0 101011 111101010 0101110110ρο
(101010101011000, 0 1110100101, 11 100 00 0010100 0 Κο00100011 110
0100010101 0000010010, 1001, 0000111 010110110101101011, 1 00100100010101-
1 1101 01101110, 10101010 010 010000001, 10101011101000101, 1111101 1010 110000 =

0011010 010100000, 000001 0110101 101110010011, 01010101 00110 1100000

01000101 1000000 0101101000 1000101000 101101100011001000
10010000 0 11011000, 1100101. 11011 0110100, 1010010101110,

j 11110101 01011101001101010100011, 01000001010 0001000101 011110-

³ 1101000 11110 1010110οο 00 0111010 0100011, 0 11010001οι0 1111010

1 1101001101110010101110, 1010 0 010111 001001 1 0001101001, 01010

’ 1010101010ἱο 001011 0 1101100110 001010010010 00 0000 0 011001 1101101000
1 11110 101011000001010100010Κ10110101011001101, 0101100001το 010 101
1000110001; 10000001 11010001 krol 1101001111100101011, 0110101-
10000001 0 11011 1001010, 10 1110110100 krol 01100010 111 10 0110010

 

