142 1111111111 11111111 n. 1413. Ἰ

,1111111111 1111111 11111 11111 1 11111, 11111111 111111 11111111
,111111111111 1111111111 111111 1 1111111111 1111111111 (1111111111. 111
,111111 1111111111, 111111 111111111111111, 111111111111111,
,8111111111111111111111111, 1111111111, Κ111111111,11-
,11111111, 11111111111111, 1111111 1 11111 111111111111; 1111111
,11 Alexander 11111 1111111, 111111 111111 11111111, 1111 111-
,11111 111111111111; 11111111111 1111111111 111111, 1111111111 111(
,11111 111111, 111111111111 111111111111 1 1111111111 1111111111 Ze 1111
,111111 11111111111111111111 1111 11111 11111 1111111111 1 11111111111
,111 11111111, 1111111 111111111 1111111111, 111111111111111111111-
,1111111 11111 1111111111 1111111111111111; 111 1 1111111 11111 1111111111
,111111111111111111111 111111, 111 1111111111, 11 1111111 11111
,11111111111111 1111111111111111111111, 11111111 11111111 111111 1 111111·
,1111 11111111 1111 11111, 1111111111ἰί 11111111111 11111111111111111111
,1 111111, 1111111111111111111111 1111111-1111111111 1111 1111, 111111
,111 1111111111111 111111 11111 11111111111, 1 11111111 1111111111111111
,111 111 111111 1 111111 11111111 11111 1111111111 11111111. 1111111111
,1111111111 1111 1110in 1111 111111 111111 1 1 11111 1 111111111111, 1111-
,111111 11111111 111 111111 1111111111, 1111111111111 111111 111111
,1111111 1111111111111111 1111 11111111, 11111111 11 11111111111111111
,11111111 1111111, 11111111, 1111111111111 1 1111111111, 111111 1111111111
,1111111111 1111111111111,111111111 111111 1 111111 111111111111111111.
,111111111111111 1111111 1 11 1111, 1111111 11111 1 111111111111111111.
,1111111111 1111111 11111 111111111111111, 1111111 111111 111111 11111111,
,11111111111111111111 11111 111111111111111 11111, 1111111111111 11-
,111111111111 111111 1111111111, 1111111111111, 1111111111111 11111-
,1111111 11 1111 1111111111, 11111111111111 1 11111111 11 1111111 111111111

’ ,11111111111111111111 1 1111, 111111111 11111111111111, 1111111111

,1111111111111111111111111111, 1111111 1111111111 11111, 11111111, 1111-
,111111 11111111 1111111111 11111; 1111111 1111111111111 1111 11111-
,111, 11 1111111111 1 1111111 1111111111, 1111111111 1111111111 111111-
,11111111111 1 111111111 111111111111111111, 111111111111111111111111
,1 111111, 111111 111111111111111111111 111111 1111111,1111111 1111-
,1111 11111111 1 11111111111 11111111 11111111; 11111111, 11111 11111111-
,1111111 1111111 111111111111111 11111 1111 11111111 11111 1111111
,1111111111 1 1111111, 11 11111111 1111111 1111111111111111111 11-
,11111111 1111111111, 111 111111111111 11111, 111111111, 1111111111111
,11111 11111, 1111111111111111, do nasmgo 111111111 Ρ11111111,11
,11111111111111111 1111111111 11111111, 1111111111, 1111111111 1111111-
„Sciami² z 11111111111 1111111111 111111111111111 1111111111, 1111111111

 

