144 111111111 11111111. 1. 1413.

,1111 11111 1111111, 11111111 1111111 1111111 11111111 1111111111 Ρ11-
,111111 11111111111111111111111111, 111 111111 1111 1111111111111
,11111 1 1111111111 11111111111111111111111111111111111 11111. I 11
,111111 111111 11111111 111 111 1111, 11111 nanas 1 1111111 1111111111, 111
,111111111111 11111111 11111111111111111 1111111 11111111 111111111111
,1111111111111111 111111 11111111. Β111 11111111111111111111111111
„godn05ci, 11111111 111111, 111111 11111 111 11111111111111 11111111,
,111111111111 1111111 11111111 1 11111111111111111111, 111 1 ’111-
,11111 po 111111 111111111, 11111111 111111 11 11111111, 1111111111-
,1111 111 1111 11111 1 1111111111. 1111111111 111 1111111111111111 11111111-
,1111 11111111111111111111 1111111111, 11111111 1111111111 11111111111
,11111111 111111111111111 111111 (1111111111, 1111111111111111111111, 1111111
,1111111111111 111. 111111111111111111111 1111111111 1111111 1111111111
,111 11111 1111111111111 11111111 111111 1111, 1 11111· 1111111111, 1111 11111
,111111 111 1111111 11111 11111111111; 1111111111 111111 11111 1111111 111-
,111111111111 111 1111111 1111111111, 1 11111111 1111111, 1111111 1111-
,1111 1111111 11111111. 11111111 111, 111111 11 11111111 1 1111111111 11-
,11111111111111 111111111111111111111111111111111111111-
,111111111111111111111111, 1111111111 11111111, 11111111 111111-
,11111 1111111111, 1111111 Ρ1111111 1 11111111 1111111111 1111111111,
,1111111 111111 1111111111 1111111 11111111111 11111, 1111111 1111 1111,
,1 nigdy 111 111 1111111111, 111111 11111 1111111111 11111111111111111
,1 1111111111 111111 11111111 111111 1111111111. 111 111111 111 111
,1111111 1111111, 111111111111 11111111 11111111 11111 1111111111, 11
,1111111 Alexandra 11111 1111111111, 1111111 1111111111 1111111111 1111111-
,111111 111 1111111 111 111111 1111 111111 1111111 111111111111111,
,11111 tego, 1111111 1111 Ρ11111111 jego 11111111, 111111 1111111111-
,111 111111111111Ρ11111111 11111 1111111, 11111111 1111111111. Ρο-
,11111111 1111111, 11111111 11111111 1111111111 Ρ11111111, w 1111111111,
,111111 1111 Ρ11111 111111 1111111111111111111111 po 1111111111111,
,111 11111111 1111111 11111 111111 111111 1111, 1111 1111111 1 111111 11-
11111, 11 1111 Alexandra wielkiego 11111111, 11111111 11111111111111
,11111 1111111111, 1111111111 11 1111111111 1111111 w 1111111111 111111
,11111111211111111111111111, 11 1111111111 111111, 1111111111 1 11111111-
,11111 111111111111 1 11111111 11111 1111111111]Ι 11111 1111111, 111111
,1111111111111111111 11111111111 1111111111 Polskiego, i 1111111111-
,111111111 11111 1111111111] 1111111111, 11111111111111111111 1 111111111-
,1111 1111111111 111111 1111111111,11111111111111Ρ11111111 11111111
,111111 1111111 1111111111 1111, 11111 1111111111 111111111111 111 1111111111
,1111111111111111111, 11111111111111111 111111111111, 11111111, 111111-

 

