1. 1410. 1111111111 10011110. 101

,001011110 1 110011110 0000 010011010 1 0011 101111οἰ0. 11110 111111-
,010111 1 1 111011, 0101111110111011101111111010111111, 110 10101010 10-
,111011 11101101010111 11111111. 110011100111 010101101110011 111111,
,0111111101 11101 111011 111111110 01 111 11101111111.“ 111101 11111
0111011111011011011, 11111101 10101101111011110110101, 1011111-
01111, 10 11111 1010111011011011. 1111111111 111 1111, 01010 011011011
11010110101101 1111011111, 011110111 1 01110 110100 11010 111111110
1101011011. 101100111110010 10 01010 11001001 1111110110101101;
111110111010 1111011111, 100111 1101111110101111111 111, ,01101011101
,111 01010 1 1111010 101111 101010 smum 001011010010011111111011-
11010, 01111101111, 101 00110 1110111 10 11111 1010111100. 1111 10 10·
1101000 01111, 110111 ,11110101110110 11010010 0111110111010 01011011
,01 11111110101111 Κ1110, 101 011110010όο 10110101 010101110011111110, 110· .-
,1011 01111101 10110 101101011 110101 1111111000101111101011110 0011001
,010 111111011 100001, 0111101101 011, 11 01111101101101110111101.“ Κ111
01101101110110110οι ,11011 101110111010, 010 1101001111110, 111111011010-
,1111111101011111, 111011101011111110101111 111 0010111111.“ W 11
0111 0011111110, 10 101 111111100110 1111111 1111111101 0100011οε ,0111
,11011 110111, ,101 1 101111101 1 01111100 1 00011, 111101 111111 010
,010 10100, 110110 11110101 01111011 11110 111001011011110111010-
0101110111 10101 1101101 11101111οε 010 1111111111 1111 1101100101
0110 010 1011111001, 11111110 00110 0011110110θο 1111011 11110 101011110
1 1010111, 01111οε ,111-1010111111111111, 11110 11111111111111010011,
,1111101010 01 10110111 11111010 010100 1010111010, 01010001 01 010, 1010-
,1111110011 1 0010 0101111110101001“ 001 1001011110 111 101101, 010
01100101110111; 0011 111101110011 1101011011, 011010010011111011111
11101011. 1010 111 11001101110101011111111111, 1111101111 1010111101
111011100101101011111111011 11111 10101011 011111, 1 1111101110 1111-
111100 0100111, 10 11110 11011100111 010 0010111 101111010; krol 11101110
1 101101100111111111 1 101111, 0111110111, 10 0101011110 1101111111-
1111111101100, 111111 110101 10101011 1011000101, 1 10 010 0011101, 110
1010011010 1 (1111110110101111 111001011010101. Po 10110010 100111,
0101101101010110111 (11111111, 101 11100110111011 1 100001001οἱ, 11-
111110 011111011, 11111 01110101111 1011111111 10111001 10101111 011-
11001 111011 1111101111, 1 01110111 10 110110 10111100. 110 111110011110
111101111011101010 11010 1100110, 1 0111110100 0110110 101010110100111,
110110 1111110 011011110101 1111111111, 111010 010 011110110100 110111
10111.

 

 

