482 1111111111 11111111. 1. 1434.

1111111 1111 1111, 1111 1111111 11111111 1111111111 1111111111
(1111111, 111111111111 111111 111111 1111111111 11111111, 111111 1111111111
111111111111111 11111111 majana, 11111 11111 1111111 Κ1111111
11111 1111111 11111111 1111 111111111111. 11111111 1111111111 11111,
jak 1111111111 11111111, 1111111111111 111111111111 albo 11111111111111111,
111111 1111111111 1111111111111 111111 1111 11111 1111111111 1111-
1111111. 11111111111 1111111111111 1111111 11 1111111111111-
11111111, 111111111111 111111111111 111111 1111111, 11 11 111111 111
1111111111.

non νιιὶιιιι lm.

1111 111111111111111111 11111111 11 1111111 1111111111 11111111
1111111111.

111111 1111111111 1111111111111111111111 1111 1111 1111111111
1 11111111. 1111111111111111111111111111111111, 11111111-
11111111111111111111111 11111 1111111 1111 11111111111111111; 111·
111111 11111 1111111111, 111111 11111111 11111 111111111 111 11111111, 11-
111111 111111111111111111· 1 111111 1111111111 111111 1 1111111111
1111111111 11111111 1111 11111111 1111111111 111111111111111111111
1111111111 1111111111 111111 1111111111 1111111111111 1111111. 2111111111
111111111111111111111111, 1111111111111111111 111111 11111 po-
11111111111111, 11111 1111111 111 11111111] 1111111 1111111 1 1111111
111111. Ζ 111111 111, 11111111 111111 11111111 111111111 1111111111
11111111111, 11111 1111 1111111111111 111111111111 111111 111111,
1111111 11 111111. 111111111111 111111 1111111111111, 11 ponium
1111111111 1111111 11 1111· 1111111, 111111 11111111111111 1111 111111,
111 1111 1111111111 1111111111111111111111111111, 111111 1111111111
1111111 11111111 1111111111, 111 11111 11111 1111111111111111 111
111111 1111111111 1111111111, 11111111111111111111 1111111111 1111
111 111111 1111111 11111111 1 111111. Skoro 1111 1111 1111111111,
1111111111111111111111111 1111111111, 1111111111 1111111, 1111111
1111111111 1111111111 111111 111111 1111111 1 1111111111 1111111111,
11111111111111111 11111, 1 111111111111111111111111111111111111

11111 1111111111κί pana. 111111 111111, 111 111111111111111111111111
11111111111111 1 11111, 11111 111111 1111111111, 11111111111 111111111 11111
11111 1111111111 111111111111, 1111111111 1111111111] 11111111 11111111
1111 1111111, 1111111, 111111111111111111 11111111. 11111111111111 111·

 

