-99999999999 99 9999999999 (99 9999 9 999 99 999 9 9999999 999999999(
-99 99 9999 9 9999999999 9999 9999999 999999 9999999999 99 99 9 99999(
9999999999 9999999 99 999999999999 99 9999999999 99999 99999 (9999999 999(
-999 99999· 999 9999999 999999999999 9 (999999 999 9 9999 9999999 9999(
-999999 9999999 9999999 999 9999999999 999999 9999999999 999999 99999(
9999999999 9999999 99999 9 9999999 999999999999999 999999 9 9999999999999(
9999 999999 99999999 9999 999 999999 99999 99999999 99999 9999999999 999(

-9999 999 99999999 9 9999999 9 (9999999999 99 9999999999 9 99999999 99999(
9999 9999999 99999999 (9999999 9 9999 99999999 (9999939 9 99993 9999999(
(999999 99999 9999999 99999 99999999 99 9999999999ρὲ 999 9999999 9999(
-99999 9999999999 9999399 9 (99999999 9 9999999 99999 999 9 9999999 (99(
-999 999999 999 9999999 9 999999999999 999999 9 999999 (9999999 99999999 99(
9999999 99999 99 9 99999999 9 9999999999 9999999 9999999 999 999999(
(99999 999999 (9999999 999 9999999 99999999 99999 999 999999 9999999 (999(
-99999 999999 9 9999999999 99999 99999 (99999999999999999 999999999 9 99(

99999 99999999 9999999 99999 99 99999 9999999 (99999 999 9 9999999( ,

9999999 9 99999 99 99999999 9999999999 999999 99999 999999 (9999999999 9999(
-99 9 999 (9999999 9 99999999 99999999 99999 999 (9999999 99999 999999999(
9999 9999999399 999999999 9399999 99 99999 99999999 (9999999 999 99999999(
(99999999 999999 99-99 9999 999 9 9999999 99 99999999999999 99999999(
9999999999 99999 99999 999999( 99999999999999 999999 99999999 (9999(
-999 9999 (999999 99993999 999( 99999999 9999 9999 9999 999 9999 999999(
999999 99999 9999999999 9999999 9 99999 (999999 9999999999 9999999999 9(
(9999999 9999999999 9999 99999999999 (999999999999 99999999 9999 9 99999999(
-999 (99999999999999999 (9999999999 (99999999999999 (9999999993 (9999999999
9999999999 999999 9 999999 999999 99999 99999 9 9999999 99999 9999999999(
99 (999 9999999 (999999999 9999999 99999 999 9 99999 9999999999 999 9999(

. (999999 99999 99999999 9 99999 9999999999 99999999999999 999999 9 9999(

-999999 99 9999( ,,·9999999999 999999999 99999999 99999 999 9 9999999(
999999999993999 99999 9 99999999 9999999 999999 999999 9999 9999999(
99999 99 99999999) 99999 999 99999 (99999999 99999999 99999 999 9 999(
99999 99999 99 999999 (9999999999 999 9999999 00 9999999 99999 9999(
-99999 99999999 99999 999 9 9999999 9999399 99 999( ε99999 99999 99
999 9999999 999 »9999999999 9999999 99 99999 999999 (999999999 9999999999(
-99 99 (99999999 9 9999 9999999999 999 999999 99999 9 9999999999 9999999(
9999999999( 9999 999 9999999 99999 (9999999999999999 9999999 99999999(
-999 999 s 99999 99999 9999999 (9999999 99999 99999999 (99999 (9999(
999 9999999999 999999 99 999999 99999999999 99999999 9999999] 999999(
-99 999999 9999999 99 (999999999999 9999999 9999999999 9 (9999999 9999999(
s 999999 9 (999999999999999 99999 9999999999 9 999999( 9999999 99999

’9199 ‘²¹ ’99999999 Ι9999999999 951

 

