11. 1410. 1111111111 11111111. 81

11111111111111111, 1111 11111111 1111 11111 1111111111 111 111111 1111111- ’
1111111111 1111111111 11111111, alei 1111111111111 1111111 11111. 1111
11111, 111 11111 111111 1111111111 111111 w 1111111111 11111111111111
1111111111 1111111111 1 1111111111111, 11111 111111111111 111 1111, 111111
1111111111 111 111111 11 11111111111 111111, 111111111111111 11111 11111-
11111 111111. 111111111 111 1 1111 1111111 1111111111 1111, 111111111111111-ρ
111 1111111111 11111111, (111111111111 1 1111111111 11111111
1111111111111111111 1111 1111111, 11111111 1111111111 111111 1111111111
11 1111111111111111111111, 1111 111, 1111 1111111111111111, 111111111 111
111111111111;11111 11 1111111111 1111111 111111111111 11111111111111.
1111111111 1111, 1111111 111111111111111111, 11111 111111111111 1111111111,
1 11111, 111111111111111111111111111111 111111111 1111111111 111111111
111 1111111111, 111111111111111111111111111, 111 11111111111111 111 111· .
111111111111 111111111, 1111111111 111111111111111 1111 1111111 1111111
1111111111. 11111111111111111111111 1111111111111111111111-
dom i szkodom, 1111111 sam 111111 1111111 1111111 111111. -Ze 1111111111 111-
1111 1111111111 11111 1111111111 1111111111 1 1111111 111 11111111 11 11111-
1111111 111111111111111111111111111111111, 1111111111 111111111111
1111111111, 111111 111111 1111111, 111 go 1111 1111111 1 11111111, 111111 11
11111111111111111 1111111111. Ρ1111111111, 111111111111111 111111111 11111
111111111 jego 1111111111 11111111 1111111 1 111111111111. Nie 1111 mu 1111
11111111111111111111111, 111111 1 11111 11111111 1111111 1 111111 111
11111111. Ζ 1111111111 11111 11111111 11111111 1 1111111111 111 111111111111
1111111111 1111111111 11111111 11 1111111, 1111111111 1 1111111ι 11-
11111111 1111111111. 0111111111 1111111 1111111111 1111111 111111 1111111
11111111 1111111111 111 111111111111111 ku Annio 1 Κ11111111, 111-
1111111111 111111111111 1111111111 1111111111, 111111 111 111111 11111

11111111.

111111 1111111111 11 1111111111 1111111 1111111111.

1111111 1111111111 11111 1111111 1111111111 1 1111111 1 111111-
1111111111 1 1111 111111111111111 11111111111111111111, 1111111111 111111111111-
11 1 1111111111 111111 111111111111111 111111, 111111 111111 w 111111 1 1111-
111111 111111 1 11111111111 11111111111111111 1111111. 1111111 1111111111
11111 w 11111111111111 1111111 111111111, 11111111 1111111111111111111111
111111 w 111111111111111111, 1 1111111111 11111111 11111111 1111111. W 111111

111111 11111 ἐξ 1111111111, 1111111111111111111111111111, 1111, 11111111-
J. 11113011. numo Polnkio. 111. n. - 11

 

