-91999991911 1 19191111 11119191 1119119111 11919191 9119111 11 69191191
od 91911111 919199 119 1111191919 91199191 191 911111 1991199 91199 9119
119991991 11119191919 ι1111919191119 ι911119111119111199191191(111

9191911191 1911911 91991991919 4991111111 91 9111111 9911911911
9191111 1991191 911999 919 11919111 91911191919919191 9119191111919
-911191111 99919919111 9119199911919119 9199 911191191 19111919991 191
91119111 9991191111 919119 91 1191991119 1 99919919111 1991119111
91111 191 11991919 919991191191991 19119 9191919 91111 ι1191911111 9191
-1119911991 (911191 11911 11919119199191 11111 9119111 9191919 119991
“ -9111919111919191199 1911 1 9911111911111911111 ’9119991 9119911 1111119
11191 111119 (99911191 91119 91 111999 9191919911 9199199 191119 919111
-91 91991 919 9191191919 199191911 11191 1 ι99111 991199 1111999 91911919 911
911911119119111 919999 91 ι1119919191 ι91191919199 9199919919191191 ·
91999919119 ι991111911911 111191 1199911119 911111 ί91919111 111911
919 έ9191911119 1111919 919 1991991111 919 91911919 11911919 111199 ι9111911
-91 1111199199 1 919 1911191999 9191919911 91991919 1191111 919111911
1911119919 9199191919911 19191 911919 1119119911 1991119111 1119191
11119919919111 1919 ι1991191111 91119111 119191 1999919191 9199199
91 ι191111199911 191199191991 19111 91199 , 19991911919111 ι1999191999
19 11911919 919191991191991911 91911 99111 1 1911111919 191 911111 (19
-911 9 91919911 1 919119 1111199199 119991 1919119 1691919119191 919111 19111
919191111 ι99111111119 199119111 9119119119111 ι911919191 11119 11191919
-919111119191911111 1919 ι1111191 1111911119119119 1199919119 9911
-91191119111119191919911111191919199119199199919111

9911119111 9 1999119111191111 991911 9 11919111

’91911 991991119
-991 1191 11199 9911199911 1919919919 9199 91 9991911 1919191199 ι1111199 91
191 11191999 9111119 1 ι9199911111 199911991111919111 91919191 111111
919111191919 919199191111111 91919199 ε91999119 1191119119 (9119191111
9119119 od 99911199 1199 411911191111 1191111191 1 1111119111 91911
1911911 (919191919991 1191911111 1191191911991 1119911991 (9119191 1991111
-919111991111 (999119119919119199191919119111191(9991111111
-911 911919191 19919111 91911111 ι199119999 9191911191999111119919
-11911 1919191 ί199191111 1 999191919 (9111991911 119 1 9191191
ι999119991111919919191 191111919 911191911911199 ι91199 11919191
111199 911911 91111 91 (91111 9119199111 191911991999 9919919111
19111111 91911991919119 91991919 111919 1111191 9119 (919191919191991

19 ’11111911 9111911119 11119

 

