-00 0 03000000030 M 00000000 0000000000 0000000οΗ 0000000000
-000 ’000000000000 0000000000 0000000000 000000 00000001 0
00000 0 000 0000000000 0000000001 00000000000 M 0000000 00000000
03 0000000030 M 00000 00000000 030000 0 0000000 0000 0 000 0000000000
ι0000000000 00030 M 0000000003οά 00 00000000ιο 00000 000000 0 000000
00000000 0000 0 ί000000 ‘d 00 0000000000 00000000οο00 pond 0000 0
00000000 00000030 M 00000 00000000 00οΓ00 00000 000000οθ0 ί00000
-od ausosqz 0300000000 00000000 z 0000000000 0000 00000000 M Δ

’000000 Mem 0001 000000 qnoniam 0 0000 01000 0000 00000000

0001 nimum nou s ·

0000000000 g 00000001 0000000100 00300000

‘ 0000 00000000 ι00000000 0000000000οω 0000 000000 0000 00001 00οι000

000 00 000 000000 0300 000 ,6000000000 00 0000000000 00000000οΜ
00 000ε (0000010 0300000000 00000 0000000000 op 00000000 0000
00000 od 0000 00000 ,00000001 0000 0300 0000000 0000000 0000 ‘’lm‘'
-0000 000 000000 00 off ι0000003 ι0000000000 000000 0000οξ 0000000000 000
-0000 00000 0000000 0300000 ι00000000 0003000001 000000 0000 0 000 03
-000 00000 000 00000 0300 p0 0000000000 00000 0000000030 0000000 ι00000000
0000000ου 0οξ 0 *00000000 000000 00003 ι00000 op 000000 0000000000οο
0000000οε 0000000000 00000000 000 M 0000000 pod 00000 300 0000010
0000000000 000000 0000000 0 0000001000 0000000000 00000 'aupes 00000000
00000 00000 0000 f ι0000001 00000003 0003000001 000 0030 0000000ιί 000000
00000 300000 03οΓ 00000000 ι00000Γο)οᾱ 00000000 0 0000οξ00 03000 00000
-0000 op 0000000000 0000 0 g ι0000000000 000000 00 0000000 0000000 ί0000000
0000000000 *00000000 0 0000οἀ 00000000 00οΓ *000 000000000000 000000
00000000 op 00000000 0 ι000000 00000 03 00000 ί(000000000000) 00
00000000 0300000 op 000 0000 0300 000 0000100000 000000 00000000
003 03000 ’0000000 00000000 0000000000 0000000000 0000 000000 ι00000
0000000 0 00000000 ι0000000 3000000οχ) 0000000000 0 nopes

03000000 00000οι0 mn ofnufoqo 00000000 mor

. 00000000
000000 0 0000000000 000 0000 00000 0000000 000 ι000001 000000 3000000
-0000 0000000000 0 000000 0000000000 00000 0000 000 0000000000 00000000

009 ’00000000νο 111 0000000000 qm 0

 

