01414. ,0000000000 00000000. 153

0100101011101110000000 00011 Κο0000000 000001001000, 0 000110,
,010 mu 00000111 00100011 010 1010100οο00 domu, i 001 000010 001010
„i 010000 0000100101, 0110000100, 10000000110100· 010 000000101 000000 0000010
,01010000011001000001Κο0010110.“ Na 00 010 krol 1110100100 00000
0000100000 10 Ηο00010 0. Ρ10000 0000000 1000000 110100011000
00000111, 1100001000 011010 10 000000 000010 11001010, 0 Ηο0001 00000000
00000 0010010100 Κο0000000, 1110100100 1011 Ρο1011, 0001010000
0 81001010, 1010000100 10, 010 001010 000000 001000 01010000, 01110000-
101010 0000110001, 00000 0101011000000100011000100001 Κο001110 1010-
100100001011000,1101000011100100011000, 101100 101 001 100 0000
01000000 0110010010, 010000οθ1010 1 0100000011010 0000011. 10000100101001,
0010000000 jak 0000001000000000101000010, 0001010011 00101000 Pru-

skiego 11001000010100 1 10001000 ’10001011000 0 00100000 Ηο00010. ·

8010001000 0011000110ςο 1 0100000100οο w odleglejsze miejsoe, gdzie 00000
11001 0000 1001001000101010000100011. (11010 Ηο0001 110000 010101
10100100, 01011110100100 10010001 0 010 1000000100, 0010100 10011001
1 1011001000 Ρο10110000 0010110101 0101010 0101000000. 10001000001000100
00000100 010010100000000 00100001, 101100 010001010001010100· 0010001, 0000-
0010 10110 00000 0100000010 010 0 10Ιο10001 010 00010 0010101101 0000010.

1110100100 1011101011 00001010 00 000001, 0001010101 010000001011100, 100-

00010 10110 1001011000, 0010 0010100000000101000, w 000001010000000· 010

010100 010 0 1000101001 010 0000001000 000100 10000110, 011000 000010
00 0000.

01000 00100 1110100100 10011 101011 0010001 00000 0 Κο00101001

» 1 1010010000000000· 001000 00000000 01111 000100 0100010001, 00010110 Βο10

1000100000 0 (10010010 0001000000 11100100011000, 010100010010
1110100100 1011000 00000 1010101οθ00, 10010000 100100011000, mi-
01000 Ρ10100 1101100000 1100000010 w 000010 1010101000, 1 1001000
10000000 0110010000, 0000000, 1001010 0100101οι01 0000010000001, 10101-
00000 0001000010 000000 0 1100101001 00001 001000 20000010 10110
1000011000 1100100011000, 1000010010 0000010100100001 1000110
000010, 11100, jak 100001 1011 1110100100 1 jego 00100, mia} 1100100-
00110 0000001010. ci 0100011000 101011101100000001 00001011 10 Βο10,
10 0100001οἰ 1000 00001101000 8100000011000 1 100001 000100 110-
010001101, 00000000οο1 10 00010000010010 0000000, 00010111 00001 001 jak
00000100001000101 010000, 00000010 010001 Κο001000 000000· 010100 1 0000- ·
10001000 0110110000001001010111 0100000101, 100 0000110100 8100000-

1. 11100000. 0010000000. 110. XL 20

 

