XIII

1000070 m. 446. 449. 71. 73-75. 78. 30-32. 99. 104. 151. 278.
1000700 ιιι. 106. 165. 418.
tube herb. 007. 409. 7100107001 ν. 80705001 24. 42. 58.

1011700 ιι. 499. 7100100001 ν. 1000100109 39.
1001 ιιι. 1 zum. 177. 330. 003. 340. 346. 347. 402. 71000000 ιιι. 134.

409. 411. 414. 416. 417. 419. 422. 401. 537. 710070, 7οιιο Elium 007. 17011. 476.
100101. 1170771010070010 402. 411. 422. 446. 449. 7100γο 10 Τιιοι. 1οιιο 010οιᾶο 493.

557. 576. 71010000 77070100 (Ρο7100007 528.

101000 0 (11017 581. 7101101. 71017000 707100 7107107000) 570. 575.
07071010100. 100400. · ιιι. 588. 630. ιιι.
0010100000 s. ιιι-010 ιι 13. 1ιο ιιι· matous: 0000οι0 090.
283. 293. 435. 485. 7100007000 3. 224. 308424. 653
1700007 653. =
Μ, Μο1γ10 ιι. 7101701061 5. 137. 410. 436
, 7107011001 0 7100100000 (10 770νο domo) 510. 514. “

71007071701.Ριοοιιι. 146, 562. 614. 615.
1100707 1701. 1777. 262313. 377. 080. 383. 450. 451. Μο71000 (Memno) jezioro 84.

mmm Mmmmmmm

710οΙ07 011ῃο000000 32. 146. 110Ιο0171 ιοιιι. 563.

7100707 0105700700 90. 146. 201. 269. 279. 291. 0101101 ob. Holsten.

Μο0707 7101 146. 7107007 01). 1110771010.

0007 0171010331. ¹ mmmm ιιιιιι. ’

7100707 prob. 11701070. 193 Meno: ιι. 250.

1100707 0 3001010710 067. Μο000701ιγι 665

7100707 [Ityn 553. .Μο1707001000200.

7100107 1101. Woeprym. 588. 593. Μ70107 1701. Kijow. 146.

1100707 30100001 42. 7170107 0 80900770070146.

1107107000, 70001171. kt Opol. 529. 7170107 0 0ογ10070 867.

1101000000001. 663. Μ70107, syn Zygm. 170701. Im. Lit. 020. 448. 521.
71070000010, 7οιιο Κιιιὶιιι. 10. 010700 0 0011021001. 536 558· 576· 583. 606-606. 620. 658.

10. 1700. 221. 7170107 81000 (81000) 120. 132.
110700000101000001. 10. 01000. 317. 1714101 l· xmus! star· Zmudz. 450.
71079οη010, Iona 17001. 10. ’1001οι. 480. 7170107 000001 570. 657.

11070000010, 05010 10. 11700077 537. 7170107 ob. 1100100140.
11070000000 ιιι. 215. 7170107 0 80000000 1 Βιιιιο017 390. 392. 393.
110Ιο17 710 71070) 11. 73. 86. 93. 100. 131. 367. 403. 427. 549. ·

412. 413. 421. 560. 580. Μ701070 0010 392. 393.

7100070071017710000 146. Μ70107 (1077070 603.

1100070 0 7107700077 146. 291. 367. 421. 17701071000017 633.

7100070 0 101070 146. 7170101 00701 610.

7100070 0 11700100οι070 35. 52. 93. 114. 146. 1770107007010 ziomia 74. 75. 110. 122. 210. 222.
1100070 0 7171007οη 1. 3770701017 131. 532 231. 255. 260. 270. 277. 525.
7100070 0 (1000000700 201. 300. 1770011000. 199. 352. 434. 436.
1100071 71010000100232. 006. 7170111700 (1101707000) ιι. 138.
7100070 0 800110 501. ’ 7170111717 pow. Imudz. 143.
1100071 3070001524. 7170107717 ιιι. 198.

1100070 0 37000010 33. 537. 717010700000 ιιι. 135. 316.

1100070 800001000011 101. 17707700 ιιι. 456.

1100070 0 7700107 367. 11707071 zum. 576.

mam„ ν. pap. 156. 173. ιιι. 10. 301. 204303. 110000 10οι.

247. 249· 260. 271. 237. 294. 299. 303. 805 7171710, 1110. 160. Α

307. 310. 313. 324. 327. 332. 347. 359. 376. Μ710707 110000ιο17 10. 37. 66. 116. 123. 146164·

383. 394-396 401. 427. 456. 165. 133. 184. 190. 192. 199. 202. 221. 266.
7100070 0 17000000 675. 284. 235.

7100070 chaam 676. Μ710707 70010 38. 43. 45. 48. 50. 74 31. 38. 114.
11007001009 ιιι. 1 ιιιιιι. 32. 60. 61. 64 60. 68. 70. 116.

 

