1. 1414. 1111111111 11111111. 111

,1111111111 1111111111111 1111 11111 11111 11111111, 111111 111 postumio!
11111111 1111111, 111111111111111111111111111111 1111111111 Zbin·
11111111111111111 1 1111111111, 11 111 111 11111111 11111,
111111 (11111, 11111 111 1111111111 1 11111 1111111111 1111111 1111111-
111111111111111 1111111 11111111 1111111111] 1111111111. Ten 1111111111
11111 11111111 1111111 111111, 111 111111 11111111 111111 111111 11111
1111 1 1111111111, 111· 111 11111111 1 111 11111111 1111 1111111111111-
1111111 1111111111 111111111111111111. ’111111 111111 1111111, 11111
1111111111 1111111 albo 111111 1111111111 111111, 1111111111111111-

11111111111111 111 111 1111111. 011111 111111 11111, 111 1 1111 1 111111
1111111111 1111111111 11111111 11111, 111111111111111111111111111111 111-
11111 1111111111 1111111. A 111, 111111111111111111111111111, 1 11111-
11111 1111111111 1111111111 1 1111111111 11111111, 111111 111111111-
11111 1111111111 111111 11111111111 111 1 1111111, 11 1111111111 111111
3 1111111111111 111111 1111111111111111111111.

111 1111111111, 1111111111 111 11 vius, 1 1111111111 111111 11 11111111,
11111 potin 111111111111111111111111111111111111, 11111111 111111 ι 111·
1111 111111 1111111 1 11111111 11 111111ιί1,

11111 1111111111 1111111111 11111111 111111, 111111111,1111111
11111111, 11111111 111111 1111111111111 1111111111, 1 111111111οηί1
11111111111111111111111111, 11111111111Κ111111111, 111111-
1181111111 1111111 111111, 1111111111111111 1111111. Β11111111
1111111. Ζ11111111111111111 111111 1111111111, 1111 111 11111111
1111111,Ρ1111111111111111111, Β111111111(1111111111111)
1Β11111, 1 11111 1111111111 inni 1111111111, 1111111111 1 1111111111,
1111111111 1111111111 1111111111 111111. 1111111 1 1111118111 1111111-
jam 11111111 11 Κ111111111, 11 111111111111111111,11111111-
11111 11111 1111111111111111111111111, 11111111111111111111-
1111 1111111 11111111, 1111111111, ,11111111111111111111111111111 J 111
1111111, 111111111111111111.“ 01111111111111111111111, ,11111111
,1111111 1111111 111 11111, 111 1111111111 11111111 1111111.“ 1111 111-
1111 1 1111111 1111111 1111111111111111, 111111111111, 11111111 1111111111
111111, 11111111 111 11111111 1111111. W 111111 Ρ11111, 111111111Β1111-
111 11111 J 11 111111, 111111 11111111, 111111 11111 1111111, 1111111111
11111111, 1111111 11 11111111111, 11111111111111111111 1111111
11111 1111111111 1111111111. We 11111 11 111111111111111111,

1111111, 11111111 11111111 11111111, 1111111111 1111111111 1 11111

 

