668 0000000000 00 0000000000. a. 1444.

0400000040 0404000 44000000044000, 4044000 legata, Franko-bana
40404000 000400044000, 040 0040000040 4000 0400000000 ’400400 00-
. 400040, 4000 0040000 0 nich 4444000040, 00400404οε4 40 0040040 00040000
04000400, 000040, 0 440000· 040 000440, 0 00040000 4 000004 0 040000 440-
00444 0040400 0000040. ’.40000 400 0040400 00400 0400040000οο4 00004004
4 0000000004, gonili 00 04004 444040 0040 0440, 00044 00400400 4004000 400400,
00000 0000440 0000000 4 00040 4000. 4004004 0000400404 040 0040000044 04000
4 000000044 040 0 00040040. 00000 40440 0 00400004 04000004, 40 0004 04000-
giew S. 44400004000, 00400040 0 0040004 4 00004004000 0 0000; 0 040-
0404 0000000 040004 00404000 00 0400Ι 0000000 0040444, 0000400004 jej 04044 00
000000 J 04400 legat i Frank-ban 0 0000404000 00004004 0400004ηο 00000.
00040 400400 000040000 040 w p'ogoti 00 040400000οἰ, 0404404004οή
00040040 00004000044004 44400000 4 0040400, 00000 000000040 4 400440 404000.
1004 0400000400 S. 44400004000 04000044 0000000004 44000; 010 00040004
0040104 00400014 000 040 0000000, 440000 0400440000 040 0 4040 0004000044
0000040 ’400400 004000 00004 0040400, 0000 004000· 000040 0400040 040 0044
0400000 440000 0040000.

000000 4 00040044 40410 0100001000 v 444040 4400404400.

84000 000 4440000400 4004 0000400004, 40 00 000000 04000040 04000-
0400 0000044 44400000, 0 00 44000004 00000004 ’400400 00000 4000400000
0040 0004000004, jak 0040100 0000 4 00004 00000, 0000004 00 0400000000404
0 40 0404040 0400000, 0400 0000404000 0000440 04040004000000400, 4 0040400
0000044404 00040 4400000 00004404 40 04000040 40 0400000, 00000 404 400000
0040404, 00000 000044 00 00400044. Za 0000440000 40040 000004 00004040 400
00000000, 0400 0000000, 44000 000 040 00400004 0 00004004 4 04000004ου0
404400044004, 4004 040000000οθ] 0000004 004004 400 00404000Ι 00 400400,
4 00400000 ich 004000 4004000 400400, 4040, 040000 0404 0004 0000044 4 404
040440 00004 40 440040, 4044004004 00000004 0400004, 04000 40 00000
040 000404; 000000 040 1110in 0 0000040040 04, 440000 00 040 04000004
00000ιο 00400044, 0040400 040, 004 0 000000 00400040 00040 400 4040 0440
4 000400. 4400040000 00400 0 40 0400000, 0 4400000 004 00000004, 0 0040
00000040 000040 0400000000404, 000 0000400004, 40 00 0400000400 S. 444000-
04000 ’.40000 0000004040 000400οἰ4, 4 40 40 0 04044400 0040 04040ορ40000·
04040, 00404000 004004000 0000400, 0004004 00 00000 00000000 004040 00
400400 0004004000οε 4000000 004 40140 ’40000 0044000044, 400000, 000004,
00004 00000 04000040044, 000000 00044 000 04000000 4000 4004000 0400 0 400
000000 0400000 4 000040 0 000000· 0400444 0040040. 01000004041400004004040

 

 

