246 1111111111 11111111. 111410. -

,1111 1 1111111111 1 11111 111111111111 11111111. ’1111111111111111 111111,
,1111 1111111111 1111111111, 111 111111 111 1111111 1111111111, 111 11111
,11111111111111 11111 111111111111111111 11111 1111111 1111 1 1111111, §cigna
,1 11111111111111111111111. 111111 111111111111Ν111111111111 111111 11-
’ ,1111 1111111 1111111 11111 1111111111 0111111111, 1111111111111111 1 1111-
,11111111111111 11111, 111111111, 111111111, 1111111111111111111 111111111-
,111111, 11111111 1111111 1111111 1111111111 111 1111111, 11 1111111111
,111111111111111111 1111111111 11111111, 1111111111 11 111111 111111111111·
,11111 1111111111, 111111, 11111111 111 1111111 1111111111, 11111111 11111
,1111111111 11111 11111111 1 111111111111111111111111111111 Β11111,111-
,11111111111111111111 1111111111 1 1111111111111. 111 1111111, 1111111111
,111111 111111 111 1111111111111111111111111(1111111111 1111 1 1111111111
,1111111 1111111 1111111111θὶ 1111111111, 1111111111 111 1111111111 1111111
,1111111111 gdy 1111111 1111111111111111 1111 1111111, po 1111111111
,11111111 1111 11111111111111111111111111(1111111111, 111111111 11111111-
,11111111111 11111111 111 1111111 11111111 1111111 Τ111Κ11111111111
,11111111 1 1111111111 1111 111111111111 1 1111111111111111111111111111-
,111, 11111111 111111111111111111Κ111111111, 111 111111. 111111, 11111111 ¹
,1111 1111111, 1111111111 Κ111111111 111111111111111111111111111111 ³
,111111 1 11111111 11111111111111111111111 1111111111 i 1111111111, 11111-
,111 11111111, 11 111111 11111 1111111111 1111, 1111111, 1111111 1 11111111.“
’1111 11111 11111 (1111111. 1111111111 1111111111 1 11111, 11 111111 111-
111 1111111111111 1111111111 1111 11111 111111111; 11111111111111111, 1111·
111 11111 111111 1111111 11111111, 111 1111111 11111111 11111111 11111 111-
111111111111111111, 111 1111111111 111111 11111111 1111111111 1 11111
1111111111, 111111111111111111Ι 1111, 11111 11111111 1111111. 11111111 11111-
11, 111111 1 1111111 11111111, 111111111111 1111111 11111111 1111111 11111111
1111111111, 1111111 ich 11111111111111111111 111111111111 1111 1111,
1111 1 (1111111111 11111 1111111111 1111111. =
11111111111111 Ρ111111, 11111111111 1111111111 111111, 111111 ,
0111111111 11111 111 1111111111 ,Β1111111, 1111111111 11111111, 111 111 11-
,11111111111111111 1111111111111111 11111111111111111 1 1111111-
,11111 11111 11111111 1 111111 111 111111, 11111111· 1111111111111111
,111111111111 1 11111111, jak 11111111111, 1 1111111111 1111111111 11111111-
,11111111 1111111 Ρ11111111. 1111111111 111111 111111111111 1111111111111,
,111 111111111111111 11111111, 1 1111111111, 11111 1111 1111111111111, 11-
,111111 (111111 111111111, 11111111 11 111111111111, 11111 1111111, 1111
,1111111 11111 1111111111 (1111111111, 11111 111111 1111111111111111-
,111111111 1 1111111111 11111111111111111, 111 11111111111111111111, 111
,1111111111 11111111111111111111111111, 1111111111 1111111111, 1111-

 

 

 

