111430. ’ 1111111111 11111111. 31 5

*za 1111111111 111111111111111 do 11111, 1111111 1111111 11111111 1111111
1 1111111.

111111111111111111111 1111111111 1111111 1111111111,
1111111 1111111111 111111, 1 111111 11111111111111 111111111 1111-
111111 1111 111 11111 111111 S. 11111111 11111 1111 111 1111111111111,
1111111111, 111111 11111111 111 1111 1111111 111111 11111111111111,
1111111111111111111111111 11111111 11111 1111111111 11111111, 11111111
111111111, 111111111 111111 11111 11111,1111111111111111111111
111111111111111 111111 ,111 11111111111111111111111 1111 1111111111
,1111111111111111111111111111111111111111111111,111111111111-
,1111111111 1111111111 111111111111111111 111111 11111111 111111-
11111111, 1111111111 1111111 1111 1111111111,1111111111111111
1111111, 1111111111 111111 1111 11111111 11111 11111111 1 11111. 111111
11111 1111111, 11111 1111 1111, 111111 111111111111 11 11111111111, 1111111 ,
111, 111111111111111111111111 111111 111111 1111 11111111, 11111111
1111111 1111 111 1111111 11111 1 11111 11111111 11 1111111111 11 1111-
11111. Α 111 111111111111111 111111111111111, 11111 11111111111111-
11111111111111 111111, 1 1111111111111 11111 111111111 11111111111
11111111111111111, 1111111 1 1111111 111111 111111 111 11111, 1111111-
111111 111 11111 1 11111111111111 11111111 11111111 11111111 1111111111111
1111111111111111111111111Β11111111111111111111111111, 111-
111 11111111111111 11111111 1 11111111 1111111111 11111111, 111 11111 1
111111 1 1111111 111111 1 11111 111 111111111, 111 Ζ 111111 1111
1111111111 111111 111111111 11111111111111111. 1111111111111111, 111-
1111 1111111111 1 1111, 1111111111, 111 11111 1111111111111111111 111111
1111111111 1111111 11111111 1111111111111, 111111111111111 111111, 11111
11 Β1111111 1 Ζ 111111 1111 11111111111, 1111111111 1111 1111111111
1111111111111111. 11111 1111111111111111111111111 1 11111 111111 111-
111111 111111 111111 11 1111111111, 11111111 11 1111111111 11111111
1 11111 111111 11111 1 11111 1111111111111111111 111111111111111. No-
11111 11111111111 111111 1 111111, 1111111111, 1111111111 1111111111111

1111111, 1111111111 1111111 111 11111111111111111111 1111111, 111111
1111111111 11111111111,111111 111111 11111111 (111111 111111 11111
1111111111111111111,111111111111111111111111,1111111 1111111111
111111111111 111111111111111111111111,11111111111111,111111111111γ
1111111111111111. 1111 111111111111111111 111111 1111111111, 11111111
111111 1111111111, 111111111 11111111 11111111111111111111111,111 Ι
11111111, 111 111 111111 1111111 111 111111111111, 1111111111111111,

 

