111430. 1111111111 11111111. 389

,111111111111 1111111, 1111111111111111111, 1111 111111111111 1111111111
,111111 1111111111, 1111111111 1111 111111 1111111111 1111111, 1111111
,1111111111111111111111 11111, 1111111 1 1111111111111111111 1111111111
,111111111; 11111 111111 1111 1111111111111111111 111 Begu 111111,
,111 1111111 11111111111111, 111 111111111111111 111 111111. Pregniemy i 11-
,11111, 11 1111111111 111 11111111Β111 111111111111111. 1111 11111111
,1 81111111 1111111111, 1111 1111111111 81111111. 1111111111111111111-
,11111 1111111111 11111

11111111 1111111111 1111111111 v 1111111111.

1111111111111111111111111111111111111111111111111111-
111111111111111 1111111111, 11111111 111111111111111111111111111 11111-
1111111; 11111111111 1111111111 1111111, gdy 1111 1111111111 1111111111
1111111, 111111111111 111 1111111111 11111,“11111111111111111111111,
1111111, 1111 11111 111111111111 11111111; 111111111111111111111111
1111111111111111 11111111111111 i 11111111111111 1111111, 111· ’
1111 1111 1111111111 111 1111 111111 1111111111, 1 11111111 1111 1111
1111111111. 11111 1111111111 11 11111 111111111111 1111111111, 11 111-
11111 1111111111111111111111111, 11111111 111111111111 1111 111111. 11111
1111111111111 111111 111111 111111111111 jednege zeufefiezege 11111 ipi-
serze, 11111 111111111111111 1 11111111 1111111 1111111111, 1111111111
1111111111, 1111111111 11111 11111, 11111111111111111111111111111. 1111
go 1111 1111111 11 111111, 1111111111 1111111 11111111111111111, pe·
11111111 1111111111 ge 1111111 111111; 111111111 111111 11111111 1 11111-
11111111, 11111111111111, 11111111 11 111 111 111111111111111, 1111111-
111 1111 111111 J 1111111. Ρ111111 11 11 1111111 J 1111111 111111111111
111111 1111111, 11111 1111111 111 111 1111111111, 1111111111 111111111111-
11111111, 1111111111111111 1111111111111 1111 111111 1 11111 1111-
1111 1 111 1111 111111 1 11111111. 1111111 1111111111111 1111111111
1 1111111111 1111111111, 11111 1111111111 1111111111 111111111111
1111111111 1 1111111111 drugie 111 1111 111111111111111. 11111111111111
J 1111111 1 1111111 1111111 111111 11111, 1 111111 111 11111 1111 11111
111 1111111111, 111 1 111111 1111111111, 111111111 1111111111 1 11 druge 11-
1111111; Alexander 11111111 1111111 11 pe 111111 111 111111 111111111
111111. 1111 1111111 J 1111111 111111 111 1111111111 1 1111111111111
11111111111111, 111111 111 Alexan der 1111111111 11111 1111111, 11111-
111 11111 11111111 111111111, 111111 1 111 111111111 111111111111
1111111111 1 1111111 11 11 111111 111111; 1111111111 111111111111111

 

