1. 1441. 1111111111 111 1111111111. 611

,11111111 111 1111111111111 1111111 1111111111 11111111 1111111
,111111111111111111 111 11111111111111.“

1111111 11111111 1 11111111.

Po 1111111111 11111111111111111111, 111111111 111 1111 1111111-
111 1 1111111111 11 1111111111111111111111 11111111111111, 111111.
1111 1111 111111 11 1111111 Β111, 11111 11111 1111 1111 111111111111,
11111111111111111 11111111 11111 111 111111111111 1 1111111111 111 11-
11111, 111 111 1111111111111 11111111 111111, 11111 1111111111, 111-11
111111111111111111 1111 11111111111, 111 1111111111 1111111111, 1111111
1111111111 111 1111 1111111111 1 111111 1111111111 1111111111111111.
1111111 111 111111111111111111111111 11111111 111111111111 1111, 11111
1111111111111111 1 1111111, 11111111 1111111 1111111 111111 111 111111-
1111111. Κ111 111111 1111111111 11111111111111111 11111111111111111-
1111111111111, 11111 111111 111111111 111111 1 1111111111, 1111111111·
1111 11111111, 111 1111111111 1 1111111111 1111111111, 1 1111111111 1 1111-
1111 Β11111, 11111 1111111111 1111111 111 111111, 111 11 1 1111111111
11111111111111111111 11111 11111111111111111 1111111111 111111 1111111
111111111111 1111111111 111111 111111111111111 1 11111111111111111-
11111 11111 1111111111. Ρ1111111 11 1111111 1111111111 1111111111 1111, 11-
1111 1 11111, 1 1111111 1 111111 111111 111111. Ρο11111 tego 1 111 11111
111111 1111111111 111 11111111 111 11111111111111111.

V 11111111 1111 111111 ι horbem 1111111 11111 1111111111.

11111111 11111111Κ11111111 1 111 1111111111111 1111111 bito
1111111111 1111111111 1 1111111111 1111111111111111 1111111111111,
111111111111111111 11111 1111111 111111111111 11111 111111 1111-
1111111111111111 1111111111 11111 1 11111111111111 1 1111111111111111111.
1111111111111111. 11111 11111111 (floremus) 11111111111 11111 11111
1111111 111111 1111 1 1111111111 1 111111111111111 herb 1111111-
1111111111 111111 11111; 1 drugiego 1111 1111111111 1111111111, 11111
111111 1111111111ιηί 11111111 1 1111111111 1111 1111111111 1111111111111-
111131, 1111 1111111 11 11111 1 1111111 1111111111111 1 1111; 11111111-
go 11111 11 11111111 1111111111 napis 111 taki: ,11111111111 Β1111 11-
,11111111111111111;“ 11111111 111111 1111 1111111111 1111111-

11111 11111.
¹ 1. mnam. 1111111 Polme. Κι. ΧΠ. 78

 

