(9999999999) 99999999 9999999999 ι9999999) 9999999 99999999 9999999999
99999999 9999999991 9399 9999999 999) ι9999999 999999 9 (1999999999 9999999999
99999 99999999 99999) 9 999 99999 ι9999999999 99999993 9999999 999999999999 op
‘mqoss 9 99999 9 9999999999 9 9999999999 99999999 (9999999939 M 99999999
9999999999 9 9999999999 99999 9999999 (9999999999999999 9999999999
9999999999 9999999999 99999999 (999999999999 99999999 (9999
-999 9 99999999 999 ί99999999 9 9999999999 ι9999 9999999999

999999 ⁰2 9999999999 9999999
1999999999 9 ’999999 nim 999999 99999 99999 9999999 99999999 ι 9999999999

9999999999 99999999
999 99999999 9999999999 9 ι9999999999999 9999999999 9999999399]
99 999999999 999999 9999999999 (99999999 99999 9999999999 99999999
999 99999999 99999999 93999 99 9999999999 999 99999 ’99999999 op 99999999 9
9999999999 9 999 99999 999 9999999999 99999999 9999999 9999999999
9999999999 999999 9 mu 999 9999999 999 999999 99999999 9 9999999 ξ99999999
9999999 9 999 9999999999 9999999999 99999 po 9999999999 9999 0 9999999999

¹ ‘Kosmsow 9999999 999 999999 op 99999999 9999 9 999 9999999 ί9999 po

9

99999999 ί9993999999 nm 999999 99999 999 999 9999999999 99999993 9 9999939
999999) 9 999 99999 9 ι9999999999 999999 9999999 99999999 (9399999999
99999) 9 9399999999999) 9999999 9999999 (999999 9 9999999999 9999
-999999 9999999 999999 99999 9999999999 9999999 9 9999999 999999 99999999
ι9999999999 9999939999 99999999 ι9999999 99999999999ς 99999999
*9999999 9 9999999999 99999999 99999 9999999999 99 99999999 po 9999999999
999999 9 999 9999999 99999 939999 9999999 99 99999999999 op 99999999 999999
999999999999919999 (9999999 9999999999 9999 9999 (9999999999 9999999999
9999999999 9999999999 [99999999 9999999999 9999999 99999 op 99999999
ι9999999999 99999 99 999 ι9999999 9 9999999999 9 (939999999999 9999999999
939999999 ι99999399 op 999999 99999999 99999999 ’9999999999 9 9999999991
999 999999 999999 s 99 9 'effluo-10³1 99999 99999 09999 999 999
99999 9 999999 99999999 ss 99999 99 999999 9 999 (9999999999999
99999939 9999999999 ι9999999999 9 99999999 999999999 999999 9 9999999991
9999999 99999 od 99999 9399999999 9999999999 0 99999999 999 9999999 ι99999
-9999 M 99999 9999999999 9999999999999 9 99999 999999 9 99999999 od

9999999999 99999999 9 99999999 999999
99999999 9999999999 99999999 99999 9999 99 9999999999 99999 99999999]

”vm ’9 9999999999 111 9999999999 861⁵ .

 

