-11111111111(11111111111111111 Ξ 1111111111 1111111 111 1111111 11 11111111
ι11111 1111111111111 111111111111 11111111111111 11111111 1111111111
11111 1 ι111111 1111111111111 11111 1111111111111 111111οᾶ 1111111 1111
11111111 11111 1111111111 11111111 1111 111 1111111 1 11111111 11111111
1111111111111111111 1111111 1111111 1111111111 111111111111111 61111111111

⁸ 1111111 11111111 11111 11111 11 1 ι1111111 111 1111111 (1111111 111 111111

-111111 11111111 1 1111111111111 111 1111111111111 1111111 11 111 1 11111111
-1111111111111111 1111111111111 111111 111111 1111111111111 (11111
-11111111111111111111 111 11111111 1111111 1111 1111 11111111 1111111
11111 111111 11111 111111111111111 1111111111 1111111111111111 111111111 1
1111111111111111 1111111111111111 1111111111 ί111111 11111 11111111) 1
(1111111 N) 1111111 11 f 1111111111 111111 1111111111, 11111111 111111 11111
11111111111111 (111111 111 111 111111111111111111 1111111111 11 1111
-1111 111111111111111111111111 111 111111 11111 11111 1111111111 0 111 1111
11111111 1111111111111 1 11111111 1111111111111 11 (11111 111111111111

¹ 1111111111 1111111 1111 1111111 111111 1111111111 111111111 11111 11111111
÷ 111111111111111 11111 1111111111 1111 11111111111111 111 1111111111 1111111111

1111111111 111 od 11111 (1111111111 111111 11 ’1111111 1111111111 11111111
-111111111 111 ι11111 1111111111111111111*1111111111 ι11111 1111111

1 -11 111111 111 ι1111111111 1111111111 ι1111111111111 1111111111111

ι111111111111111111 ι111111 11111111111111 1111111 11111111 511111111
11111 11111111 1111111111 1111111111 111111 1111111111111 1111111111

“ 1111111111111111 1111111111 1111111111 (1111111111111 1111111111 1111 1

11111111111111 (1111111 1111111111 (1111111111 1 1111111111111 ι1111 111111
-111111 ί11111 111111 111111 1 1111 11111111 έ111111111 111 1111111111 111111111
111 111111 ι1111111111 111111 1111111111 1 111111111 111 111111 1111 11111111
11111111 11111111111111111111 111111 11111111 111111 111 (1111111111 111
111111111111111111 ι1111111 1111 1111111111111111 (111111 ’11111111
1111111111 11111111 111 (11111111111111111 111111 11111111111111111
111111 1111111 ι11111111 11111111 1111111111 1111111111 1 1111111111 11111 1 1
11311 11111 11111111 1111111111 1 ι111111 op 11111 111 111111 6111111111
-111111111111 od 111111111111111111111 11111 111 11111111111111111
111111111111111111111 111111111111 (1111111111 11111111111111111111
1111111111 111 1111111111 11111111 1111111 1111111111 1111 11111111 111
-1111 11111111111 (111111111111111111 11111 111 1111111111 1111111111111
-11111 111111 11 (1111111 11111111 111 111 111111111111111111111 11111111
1111 1111111111 111 1111111111 1113111 11111 1 (11111 111 11111111111111 1
11111 11111 1111111111 11111111 111111111111 1111111111 1111111111 11
1111111111 ι111111 111111111111111111 111111111111 1111111111 111111
-11111 11111111111111 1 11111111 1111111111 11111111111111111111111

’0111 Ἢ ’11111111 1111111111 (16

 

