-111 111 1111111111 1111 11( 1111111 61111111111111 111 11111111 111 111111
111 11111111 1111111111 1111 11111 1 1111111111111 1111 1 1111111111 11
1111111111111111111111111 11111111 1 111111111111111111 (1111111111
-11 1 111111 11111 11111111 11111 1 111111111 (111111111111111 11111111
111111 1111111111 111 11111 1111111111 1 11111111 11111111 ι1111111111
-1111111111111111111 1111111 1111111 (111111 1111111111 11111111111111111
-od (111111111111 111111 11111 11111111 1111111111111 11111131 1111111111 1
111111111111111 11111111 11111111111111111 1111111111 1111 11111111 1111111
1111111 13111 ἐ11111111 1111111111 (11111111111111111111111111111111 .
11111 111 111111 11111111 1111111111 11111 11 ’11111 1111 1111111111 111111
*1111111111 M 1111111111 111111 111111111111111111 ι1111111 111111
-11111 1111111111 1 11111111 111 od (111111111111111111111 ’11111111
1111 1111111 11111111111111 111111 1 11111111 1111111111 (1111111 11111
*111111 111111 111111111111 111111 ι11111111 111111111111111111 11111111 k
’1111111111 111111 111111 111111111131111111111 1 11111111 1111111111 1 1111111111
111111 1111111111111111 1111111111 11111 [1111111111 11111111 111 11
11111 ι1111111111 1111111111 1111111111 M 1111111111111111111111
1111111111 *11111 1111111 11 111111 111111 111111111111111111111111
-11 M 1111 1111111 1111111 111 1311111111111 1111111111 1111111111 1
111111 11 111 111111 111 1111111 1111111111 11 11111 1111111111
111 ι11111111111111 (1111111111 11 (1111 ι1111111 11111111 111111111111
*11111 11 1111111111111111111 11-1111 ι11111111 1 1111111111 1111111111111
1111 111111111111 111111 111 6111111111 1111 11 111111 111111 111 1111 111
1111111111 111111111111111 111 1111111111 111111 111111111 M 111111
111 1 1111111111 1111 1111111 1111111, 11111111 1111111 11111111 11111
-1111111111111 1111111 (11111111 111111 111111 M 1111111111 1 1111111 1111
-111111111111111111111111 1 1111111111 11 11 1111111111 111 ί’111111 111 1·
11111 1111111111111111111111111 ι11111111111111111111 (1111
-1111 11111111 11111111 1111111111111111111 111 1111111111 1111 ι1111111
-11111111111111111 11111111 111111111 11111111 M 1111 11111 11111111
-1111111111111111 11111111 111111 61111111 111111 11111 11111111111111 111
-11 1 11111111111111111 ’11111111111111111111111111111111 11111 1111
1111111 (111111111111111 11111 1111111111 [1111111111 ι1111111113
-1 M 1111111111 111111 111111111111111 111 (11111111111111 11111
111111111 111 111111 ί1111111111 11111 1111111111 M 1111111 1 111111
1111111111 1111111111 1111 11111111 1111111111 1111111111111 1111111
11111 11 1111111 1111111111 111 11 ι11111 1 1111111 1111111 111 1 ί11111111 1
111111 1111111111 1111111111111111 1111 11111 1111111 1111111 11111111
1111111111 11111111 111111 11111111 ι,11111111 11111 11111111111111111111

11111 1111111 11111 11111111111111 11111111 1111111111 M 11111

11111 11111111111111 1111111111 · 919

 

