366 1111111111 11111111. 1114311.

,1 11111111, 1111111 1111111111 Polskiego 1111111111, 1111111111, 1111111-
„lom i 1111111111 11111111111, 11111111111111111111111111, 1111111111
„Polskiego i 1111111111 jego 11111111 1 11111, 111111 0 1111111111 111

,1111 1111111111, 111111111111111111 1111111111111 11111111. Ρ111111-
,11111 1111111, 1111111111111 11111111 11111111, 11111111 111 11111111-
,111111111 1111 11111111, 11111, 111, 11111111, 11111111111111111, 111111-
,111111 1111111111, 11111111 1 1111111111 1111111 1111111111. Α 1111111 1111-
,11111111 11111111 1 1111111111, 111111111111111111111111, 1111111,
,111111 1111 111111 111111 1111111111 111111111111111, 11111 111 1111111
,111 111111111 111111 111111 11111111 11111111 1 1111111111, 111 11111111
,1111111111 1111111 11 1111111111 11111111. Ν11111111111111111111 111111-
,11111111 11 1111111 11111111111111111, 111111111111 1111111 11111111·
,1111 111 11111111 1111111, 111 111111 1 111111 111111111, 11 111 o 11111-
,1111 1 1111111111111111111, 1111 1111 11111111 11111111111111111111
,111 11111, 11111111111111111111111111111111, 1111111 11111111 11111111
,1111111 1111111 11111111 111 11 1111111111111111111111111 11111111-
,11111ἰ 1111111 1111111111, 11111111111111111111, 111111111111111 111111-
,,11111, 1111111 1 1111111111111111; 1111111 1111111, 111111111111111111
,1111111 11111111 1111111111, 1111111111 1111111111 1111111111111 1111.
,1111111111 1111 111 11111111 11111111 111 11111111, 11111 11 w 111111
,11111 11111 1111111 1111111111 1111 11111 1111111 11111 1111111111 111111
y ,111 11111111, Ρ11111111111 11111111, 11111111111111111111, 1111111111
,1 1111111111 1 11111111111111111111111 111111111111 1 1111111111-
,11, 11111111111111 111 1111111111. Ρ11111111111 11111, 11 1111111111 111-
,1111 1111111 1111111111 Polskiego, 111 11111111 11111 11111111, 1 11-
,11111111111 111111 111111 1111, 111111 1111111111111 1111111 1111111111
,111111111111111111 11111, 11111111 1111111111 111 11111 1111111
,11111111 1111111111 1111111 1111111 111111 1111111111 111111 1111111111,
,1111111 1111111111. Ν1111111, 1111111111, 1111111111111111111111111-
,11111111111111 11111 11111111111111111111111 1111111111, 1111111·
,111111 1111111111 1111111111 111111111111111111111 1111111 111111; 11
»11111111 1111111111, 1111111111 11111 1 1111111111111111111, 1111111 11111-
,111 1111111 1 1111111111111 1111111111 1111111111 Polskiego, 1111111111
,11111111111111111111 1111111111, 111111111, 1111111111, 1111111-
,111,111111111111 11 11111 11111 11111 111111111111111. 11111, 111111
,111111 1 111111111111111111, 11111111111111111111 Polskiogo 111111111-
,1ό1, 1111111 1111111111 1 111111 sporn 111111 111111 1111111111111111111
,1111111 111111111 11111111 1111111111, 111, 1111111111 1111111111,
,111111111 1 1111111111 11111111111111. 11111111111111111111,11111111-
,11111111 11 11111111, 11111111 111 11111111111, 111111111111111111

 

