490 1111111111 11111111. 1, 1434,

,1111111111 1 1111111111111 1111111111, 111 1111 1111111111 1111111111
,11111111111111.“ 1111111 11111 ,1111111111 1 1111111111 11111111 111111
,1111111 1111111111 111111111111111111111111111.“ Na 1111111111
11111111111111111, 1 1111111 111111, 11111 111 1111, 11111 1111111111 111·
111111111111111, 111 1111111111. 1111111 111 111111 1111111111111111111111111-
szego 1111111111, 111111111111111111111111 11111 SS. 1111111111 Ρ11111
1Ρ1111. 11111111 111111 1 111111111 111111 11 11111111 1111111131
111111111111111111111, 1111111 111111 ,111 111111 1111111 1111111111,
,1111 11111111 111111 111111 11111111111111, 1111111111111 1111111111 11-
,1111111 1 111 1111 111111111 11 1111111111 1 111111111111 11111· 111111-
,1111.“ 1111111111 11111111111 1111111111 1111111 1111111 111111
Κ1111ο1111111, 1111 111111111 111 ich 1111111111 11111. 111111111111-
11 1111111111111111111 1111111111 1111111111111, 1111111111, 11 111-
111111, 11111111111111 11111111 11111111 1111111 Κ1111111111, 1 11
111111 111111 1111111111111111111 1111111111 1111111111 111111 1111111111
1111111111 11111111. 111 1111111 11111 1111111111 1111111111 111 11111111
111111111111, 11111, 11111111 1111111, 11 1111111111 111111 1 111111 111-
1111111111111 111111 1111111111; 1 1 111111 1111111111111 111111 11111111
1111111111111111111111 1 1111111111 1111111111111 1111111111.

1111111 111111 1111111111.

W Ρ111111, 1 11111 SS. 1111111 1 1111111111, 11 1111 1111111111
(1111111, 111111 11111111111 1111111 1111111, 1111111 1 11111111111111111111,
1111111111 1111111 1111111111 111111 11111111111. 11111111111111111111111
Κ111111111111 1111111 11111 1111111 111111111 11111111111111111-
11111 (1111111111111, 1 111111111111 111111111111111111111111, 11111
11111111111111111111111111111 111111111111 111111111 1111111111 1111 11·
1111111. Β111 1111111111111 1111 1111111111, 1111111111 1 Κ111111111,
1111111111111111111111, 1 gronio 11111111 1111111111 11111, 111111111-
1111111111111111 11111, 111111 1 11111111 1111111111 11111111 11111111
11111 1111111111. Β1111111111 1111111111111 11111111 111 11111 1111-
11111111 11111111 1111111111,1111 111111 111111 111111111 111 11 111111
11111111. 1111111111 111111111 1111 111111111111 11111 11111 1111111
1111111111, 11111111111111111111111, 111111 111111 11111111 111111 11111,
1111111111111111111 111111 1111111111, 11 1111111111 1111111 11111111
1 111111 1111111. 11111111 11111111 misy i 111111 1111111, 1 11111111 11111
1111111 1111111111 1111 1111111111, 1 11111111 11 1 1111111 1111111 111111-
111 11111111. 11111111 1111 1111111 1111111111 111111111111 1111111111 1111·

 

