81 'IX ‘¹11 ’0111101 ⁹5⁰1!ss ’11031111 ’1
111111 11111111111111 11111111111111111111111 1111111111 11111111
1111111 1 11111111 11111111 1111111111111111111111111111 11111111 111 1111111
111111 111111111111111111 11111111 1111111111 11111111 1111111111
1111111111 1 ι1111111111 11 111 1111111111 11111111 111 1111111111111111
-1111 11111111 N 1111111 11 11111111111111111111111 1111111 ι1111111
1111 111111 1111111111 111111111111 1111111111111 ι1111111111 11 111111
1111 (11111111111111111111111111111111111111111111111 1111
-111111111111111 1111111111 (11111 s 11111111 1111111111 ι11111111
11111 1111111 11111 1111111111 1111111 ι1111111 11111 1111111111

1111111111 11 111111 11111 1111111111 11111111111111 111 11111111 11111
1111111 ’11111111 111 11111111111111111111111111 1111111 11111 1 1111111111

’11111111111111111111 111 (1111111
11111111111111111111111111111111 1 11111111111111111111111111
-1111 1111111 11111111111111 111 11111111111111 ι1111111 111 1111
-1111 1 111111111111111111111111 111111 111111 1111111 11111 ’1111111
11111111111111111111111(11111111111111111111111111

Ι -111111 111111 1111· (111111111111 111 ι1111111 ,1111111111 ¹

1111111111(1111111111111111111111111116111111181
11111111 ι1111111) 1 1111 (11111111 1 11111· έ11111111 11111
1111111111 11111111 1 11111111 111111 111111 ι1111111111111 111
-111111 11111111 1 1111111111 έ11111111 11111111 ι11111111
1111111111111111111111111111111111 (11111111111111111
-11111 1111111 1111111111 1111 41111111111111 111111 11111

-1111(111111111111111111111111111111111111111111111111 ⁸

11111111 11111111 1 1111111111111111111 11111111 11111 1111111111 1

11111 ,1111111111111 111111 11 1 (11111111 1111111111 1 11113111 1111111 1
-111111111111111 111 111111111111111111111111 1 ι11111111 1111111 2

1111111111 111111 111 111) 1111111111 1111111111111 11111 ι1111111
-od 111111111111 11111 1111111 111111 1111111111 11111111 11111 11 11
-111111111111111 111 111 (1111 111 1 111111 1 111111 1111111 1111111111
1111 11111 111 ι11111111 111 1111111111 1 1111 111111 111111111111111
11111111 11111111 1111111111111111 111111111 1 11111111 11111 11111 411
-1111111 1111111 1111111111 111111 11 ι111111111111111 1111111111) ’111
-1111 11111111111111111111 (1111111 11111111 1111111111 1111111111 1111
1111111 11111111111 1111111111111 11 ι1111111111111111 1111111111 1111111 11
ι1111111111 11111111 11111 11111 (11111 11111111111111111 (11111 111111

111 ’11111111 1111111111 ’81111

 

