01416. 000000οΑ0 000000οο. 119

100100 1100001 00010000 10 0001011 00 0100010100 10 000010, 1 010 01000
0001000000100 0100001, 00000011 00011010 1000000100 00000, 010010100οο·
111010 0000001001 1 00000101110 0001110000 000000100οἰ0 101010. 100010 1110-
100100 1001101010, 01000 000010001 0010100000 0 1101000010 1010-
10010 1001001, 000001010 010 00 0010 001 11001000, 010100 01001001
10110010οΡ0101100080000000 1 1010100001010000, 100000010000-
101 10001 0 01010 010οε0001 010010 10001, 01010 000000011010 0001001000 001-
0100 0000110000001100 10000 1 010010101, 0010 00000 000000101010010101-
0100010 00110 00000 000000000 0001100001, 1010001 10 0010000 001000 010000
1000000100οἰ 101010010 1001001, 11100 00 0 010100010ἱο 0010101. 101000
001 000011 010 0 0010100 10110 00100000, 001 0 110001 00 00000110 0000001
10100 0101111000, 010 0 01010 010110001 101100100 1010110οο 00100 010.
Na 10011 01001 0010101000010 000010, 101 10111110100100 11110001010
1011010000οή, 000001100010010110 1 010110101, 0001010001 101010010 11000-
010, 010 00 0001101 00000000 0000. (100011 10 00 001010010 0 01001 00 00-
0000000 01010 1 100010, 0 1001000 00 010100 1000101000 1 10 00001011000
010110 01000 010 0000010001.

101000 v 111010οἰ0 z 01010000 mmm, 10001 001100101001000, 01101000, 010

0 00110.

Po 01000010010 1000000100101010010 11000010, 0101 010 1110100100
1011101011101000000; 00110 00000 8010010, 11011000, 101000·
010, 000010100 00000001011110101000100101. 110001 10 11111100 000-
0100010 00000 1000 010010, 10000000, 8001001000, 80100, 0000-
101101010101100 01001. 1100101 010 00000001 010 001 00 Rue, 010
00000 00 0101010000 10101 8. 1010101, 0 111000 00101000 0101001-
010000 1001000οΡ000110000010 111010οἰ0, 001001 010 10 11100.
81011000 00110 00 010101 001 1101000 0000 01100001000 111101100,
0000101 000001 10 11101000, 10101 10110 0 00000000100010101100011000
0000101111000100110010001100 110100 Κο0100011; 100010000-
001100100011, 11110100 0110101000 800100100011, 80101-

0100001000000100001011,00000010010;Ζ1100100οΒ000010, , ·

0000001010 101100100101011000, 101010 100001 00010 001 10000000 010-
00100 010100100011 1110101,10101001011001011 1000100, 000000
00010 ’1001000010 00001101000110011000, 1101000 1100000110οο,
101010 10010010 10 0000 0000000 00001000001. 110 0100101 001000 00011010
00001000 01100 011010 1 000000 0 0010 00000010 001000, 1 00 010000 10110
. 00110000 ku 1000 001001 00100000100111, 010 0010011010001000 00101011

 

