160 6116161116 16616116. 61414.

1 6161616111, 161166166161 16 6166166616, 111 16166116 1111111161 616 16-
166611 1616161 61166161116161 66116116, 6161116116 1611616116 66111611,
16 661616 1111666116 1161616 1611666 11111616161616 6166661616 1611166161
116161, 66666 6161116 66 616166. 11616161 6611616 Alexander 1111611
616111 161111 11166611, 6116111611611 16 111161, 1111611111611111616;
166111166116611666616161661,61111661616811116111061161616
66166616 1616611611, 161 6616666161 611166161611 611 16611 166161661,
616161616116, 16 61161111 16 1661616116611 11116116, 11616111111116111166
66616 111611616666, 61611111 6611616111 111111616116166616 1661616.
1161161111 11111116116166 166161161161616 161 1166116111616 16-
116661111 661616 16111161161611 (Κ16611611), 1111 16 1611 1 666661
Alexandra 11116116 616111616 1611111611 11166611616, 111116616161,
6111 6611611161166161166116 1166161166 111161616166 1 6166166 16-
6166111; 66161616 116 61111161 6161 616 66166 1116 116661111 661616 6 16
6161166, 11116 661116 11161 6111616 6616616116 661661 1616166666, 61661661-
616161 16616116 61611 116611616111111 1 61111111. Ζ Κ166116116 161161
16611111111611666 16661116 (16666116), 11116 166 161 6111161166
1116116616 66161616 6661661. 161116 161611116611 161 Η611661, 616616
1 16661 611611. 16111 616111111 1111616161661111616661161616 1616-
1161161111161161661 1 111616611661 161616111661, 16611161 161616116 116-
661611611611116616 16166116 61666111611166 1 Ζ 616166, 661-
6161166616616616116116611611116116,11111111111611116661161
61166111. 1666166 6111116116161 1166111 1 661616 111166611616 1611116116 611
1611611611 6 1616116 611661, 61 16 66116 1 16 16616 1166661611
(11661611) 16116616 661 161611 Η61, 166116616 1616116161 1616161
8661161611, 11116161 1116611611 161161616611 11611616, 6611611 61616
16116, 1111616661 61611161 111161111611, 1611161 661661 16166666161666
1 1616611616161161611611611, 11116111 1ο 61616 161Η611661. ’

16 611111111111111616 11111611, 1111161111 1111 11111 ι 6616116111 1611111111.
161611 w 11111661 1116611616 1 1166611611 11111111 6161116 161111 11616161

1616616611 6111116616 161616 Η611661, 11116161 6661666 1666161611
61111616 16111611, 166111 11111116116166166161166 161 11111111,
1 6116111116 616616 616611 61161616; 6 1166166616 1666 6111161111611616
11116 1611116111 6116 6161161, 1 66161111116661616 61616 1611116611 161611
1 616616616616. 1111 6 1116111161 1616116616 Ν. P. Μ6111 1666611 61116
16616111161116116 (11111166), 11116 616 1661611611 611616, 161611 116-
6166 1111116616 1 16616 6616116, 661111161 16111666616616 611161111661.

 

