1111111111 1111 ι111111 1 ι1111111111111111111111111111111111 ’111111
1111111111 11111111 1111111111) 1 11111111 1111111111111111111
111111111111111111111111111111111111 111111111111 1111111111
111111111111111111(1111111111 11111111111 111111111 1111111111 1 111111
11111111111111 ι1111111111 11 111111 1111 11111111 1111 11111111 1111111111
111111111111 11111 1111 1111111111 11111 ·1111111111111 11111111
-1111 11111 1111111111111111111111111 11 111111111 1111 0 1111111111
1111111111 111 (11111111 1111111111111111111 1 ’1111111111 111111111111
1111111111 1111 1111111111 11111111,111111111111111111111111111
-11 111111111111113 ι1111111 11111 111 1111 1111 1 ι11111111111111
111111 ι1111111111111 11111111111 (111111 1111 1111111111

’1111111111 111 111 111111111111111111 11111111

11111111 1111111 111111111 111111 (1111111

 

-od 11111 11111 ι111111111 11111111111111111111111 “1111111111111 ¹
-11111 1111111111 1111111111111111111111111 11111111 1311 11111 =
121111(191110111911Ἷ191011111 Μ19111111 ’11110101911111 ¹

-11111111111111111 1111111 11111111 1111111111 1 111 1111111111 111111

111111 11111 1111111111 11111111 111111111111111111111111111111111 1111 111

-111111111111111 (111111 111111111111111111 11111 1111111 1111111110
111111111111 111111111111111111111111111111111111111111111
-111 1111111111 11111 11 1111111111 111111111 1 ι1111111111 1 11 1111111

111111111111 11111111 111111 11 111111 111 ’1111111οᾶ 1 111111 111111 =

ι

1111111 11111111 11-1111 111 11111 ι1111111111111111111111111111 ι111
-11111111111111 1111111111111111111111111111111111111111
11111 1 ’1111111111111 1 111111111111 ι1111111111111111111111 1111
-11111111111111 ι1111111111111111111111111111111 ι11111111111111

111111 ι1111111111 111 11111111 1111 ’11111111111111111111111111 1
111111 1ο 11111111 1111111 11111 111111111111111111 1 1111111 1111111111 2 1

11111 11111 111111111111 11111111 ι1111111111 11 1111111 ι111111
11111111111111 511111111111111111 1 1111111111111111111
, 11111 11111 1111111 11111111111111111111111 1111111111 111 11111111 11111
11111 ι111111111 111111111111 11111111 111111111111111 1 ι11111
-11111111111 111111 1111111111111’11111111111111 111111 111111111111
1111111 1111111111 1 11111111 11111111111111111111 111111 ι111111111111
-111 1 1111111111 11111111 1111111111] 11111 1 11 111111 11111
-111111111111 11111 11111111 1 11111111111111111 1111111111111 1 1111111111
1111111111111111(1111111111111 1 11111 1111111 1 1111111

111 11111111 1111111111 ’111111

 

