-1111111111111111 111111111111 11111111 1111 111111111111111111111 111111*
ι1111111 111 1 ι1111111 111111111111111 1111111 (1111111111111ζ 1111111111
111111111111111111 ι11111111)11111111111111111111 1111111111 1 ι1111
-111111 1111 11111111 6111111111111111111111111 1 1111111111 1 1111 1311111

-1111111 11111111 11111111 41111111111111111 (11111 11111111) 11111111 .

-111 11111111 1111 11 111111 ι11111111 111111 ’(111111111111111111111111 111111
111111 1111 1111111111 1111111111) 1111111 11111 11111111) 1111111111
-1111111111111 ι1111111111 11111 1111111 111111111111111111 ι1111111
-111 1111111111 1111111111111 11111111 1311111111 111111 ’111111 11111111
1111111111111111111 1111111 111111 1111 ’1111111111 1111111 1111111 1111111
111111 11111111 1111111 11111 11111111111111 1111111 1 ι1111 11 11111111
1111111111111111111111111111111111 ι1111111111111111111
1111111111 1111111111 11111) 11111111 111111 11111 1111111111111111111
ι1311111 s 1111111111 1111111111 11111 1 1111111111111 1111 11111111

’11111 1 1111 po 1111111111 11111111 1111 1 *11111 1111111111
’11111111111111 11 111111111111111 1 111111 1111111111 1 111 11111111 111111
11111 1 1111111111 ’111111111111111211111111111 111111111111 1111111
-1111 11111111111111111 11111 ’1111111111 1 11111111 11111111 1111111

Ι111111 1 111111 1111111111 111111111111111
11111 1111111111 111 (11111111 1111111111 (11111111111111 1 1111111111 111
-1111111 1311111 1111 1 1111111 (111111111111111111111 ι11111111 1111 έ111111
11111111 111 1111111 11111111 (111111 11 111111 1111111111111111111 ι11111
-111111111 11111111111111111 1111 1111 *1111111111111 1111111111 1111111111
11 1111111111 61111111111 1111111 1111111 1111111 1111111111 ’1111111111
-111 11111111 1111111111 111111 1 111111111111 (1111111111111111111111111
ι111111 111111 11111 1111 111111111111111 11111111 1111111111
1111111 1 11111111 1111 11111111 1111111111 1111111111 1 1111111 11111111
-111 1 1111111111 11111 1111111 (1111111111 111111111 1111 (1111111 11111111
1111111111 1111 ι1111111111 111111 1111111 1111111111 1 1111111111111111111
1111111111 11111 11111111 11111111 1111111 111111 1111111111111111 1111111
111 11 6111111111 111 1111111111 111 111111111111 11111111 ι1111111111111111111
1111111 11111 111111 111111 ι1111111111 1111111 111111 11111 1111111111 111
’11111111111111 111111111 1111 11111111 ι11311111 1111111111 1111111 1111111 111
-111111 1 11111111111111111111111 (11111 1111111111 11111 (1111111111
1111111111 111 1111111111 11 (11111111 11111111 11111111111111, 1111111111
11111111 11111111 11111 (1111111111 “11111111111111111111111111111111111
11111 111 1111111111 11111111111111 1113111 1 11111111111111 1111111111 1111 1

Um ·2·1 ’11111111 1111111111 09

 

