1. 1422. 1111111111 11111111. 263

1111 W 111111 1111111 11 Ρ111111111111111111111 1 Β11111-
11111, 111111111 rodem, 11111 (1111111111 1111111111 1111111111 (11
111111), 1111111, ,1111 111111111111 1111111111 1111111111 1111111111111
,111111 1111111111, 1111111111 1 1111111111 Polskiogo holdownika.“ 111
11111111111111Ρ111111, nato 11111 1 11111111111111 111111111 111111-
111, ο 11111111 111 111111 1111111111 111 11111 1111111111, ,1111 1111111Ρ11111
(1111111111, 111111 1111111111, 1111111111111111111111111ε ,1111111111111
,111111 11 11111 to 1111111111 1111111111 (1111111111111111111111 1111-
,111111111111111111 Ρ11111111, 111 1111111111 11111, 1111 11111111(
,1 1111111111, 1 111111111111111111 1111111111 11111 11111 11111111 111111111-
,111111; 111111 1111 111111 1 11111 11111111 111 1111111 11111111 111111
,1111111111 111 11111 1111111111111111( 1111111 11111 111111111111111111,
,1111 1111111 1111111 111111111111111 11111111111111111111 111111. 1111111111
,1111 1111111111 11 11111 111111 1 111111111111 1111111111 1 111111· 1111111
,11111111 1111111111 111111 111111111111 11111 1111111111, 11111111111
1111111111 1111111111 (11111111111, 111111111111111111111111111 Β11-
1111111 1111111111 1 111 111111 111111, 1111111111111, 1111111 go·
111 11111 1111111111111 111111 1111111111111 1111111111, 11111111 111111-
, nego 11111 do domu. 1111111111111 111 811111111111111111, 111111 1 soba 1111
1111111111111111111111111,1111111111111111 “
,1111111 1111111, 111111111Β111111, 1111111111 1111111 111111111-
,11 11111, 1111111111 1111111111111111, 1111111111 Ρ11111111111111,
,1111111111111 1111111, 11111111111111111111111111111111111. 8111111
,1111111111 11111111 111111 1111111111, 111111 11111 1 1111111 11111111
,111111 11111111 111111111111, 111 111111111111 11111111 1111111111, ¹
,1111111 1111111111111111, albo 1111111 111111111111111 1 1111111111.
,(1111111111111 111111111 11111 1111111111, 111 11111111111111111
,11111111 111( 1111111111, 111111 1111111111 1 (1111111111 11111 1111111,
, ,0111111111 111111111111111111 Ρ11111111, 1111111 1111111111 11-
,1111 11111111 11111 111111111, 1111111111 1111111111 1 111111,
,1 11111111111111111, 1111111111111111 111111111111111 1111111111-
1 ,1111111111 S. 111111 1 drugioj 1111111, 111111 11111 1111111111111111
‚i (11111111 111 11111, 1111111111111 drogi 11111 1111111111 1111111111 nich
,1111111 11111111111111111111, 1111 11111111 1111111111 11111111 1111-
,111111 11111111, 1111111111 11111111 11111111 11111111111, 11 1111111( 111
,11111111 1111 11111 111 1111111111 111111 111111111111111111, 11111111
,11111 11111 1111111111 1111111111111111, 11111111111111 11111 1 11111111,
,11111111 1 111111 111( 1111111111111 11111111111, 1111111111 11111111111111

,11111 albo 1111 11111111 11111111. 1111111111 1111111111111 1111111 1111-
,111 1111111111, 1111111111 1111111111111111111111111111 Ρ111111111,111,1111

 

