134 1111111111 11111111. ’ 1. 1412.

1111111 1111111111 1111111, 1111111111111111111111111 8111111111111
1111111111, 1111 1111111111 11111 1111111111111111 1111111 11111 11111
1111111111 1 1111111111111111111111111 (strigonium), 11111
11111111111111111111111111 1111111111 111 11111 111 1111, 111111111111111
11111 11 11111111 1111111111 11111 1111 1111111111 8111111111111,
1 11111111 11111111111 1111111111111111 1111111111111. 111111111111-
1111 1111111111 11111 111111 111 1111111 111111. 1111111 111 111 111111
111111111111111111111111111111111,11111111111111111111111-
1111111 1 11111111111 1111111, 111111111 1111111111111111 1111111111-
111, 111111111 111111111111 11111111 1111111111 1111111111. 1111111
11111111 11111111 111111111111 11111111 111111111 11111111111 War-
prim, 11111 11111 111 11111 11111111111 11111111111111111111111. (111
111111111111111111111111111 11111111111 11111111111, 111111-
111111 1111 Ρ11111 111111 1111111111 1111111, 111 1111111 1111111111
111111111111 1 111111111111111, 11111111 1 11111 11111 11111111 111-
11111 11111111, 1111111 1 11111 1111 1111111111 1111111111, 11111
11111, 111111 11111111111111 Ρ11111111, 11111 1111111 0111 111111 Βο-
11111111111111111 11111 111111111 111 11111111 11111111 11111 1 111111
11111, 1 11111 1111111111, 1111111111111, 1 11111111111111111 11111111
11111 111111111, 11111 11111111 11111111111111 Κ1111111111 11111Ρ11-
111111,1111111 11111111 11111 1111111111111, 11111111 111111
1111111, 111111111111111 1111 111111111111111111, 11111111, 111
11111111 11111111, 1111 111, 11111 11111111, 1111111111 111111 111111-
11111111111, 111111 111111 11111 111 111111 11111. 1111111111111111111,
1111111111111111111111111111111111111111111111111111-
1111Ρ111111111 1111111 1111111111111 111111111 11111111 11111111111
11111111, 1111111111, 1 1111111111 1111111111111 1111111 111111111111111-
1111111111; 111111111 1111 1111111 11111111111111111111111111111-
11, 1111111111111111111111111111. 11111111 1111111, 1111111, 11111
111111 1111111 1111111Ι 1111111111111, 11111111 11111 1111 11111111
1111111111 11111 111111 11111111111 11111111, 1111111111111111,
1 1111111111111 111111111 111111 11111111. 1111111111111 1111111
11111111111111111111111111111111111111111111111111111111111
1 1111111111 1111, 1111 1111111 1 delio 1111111111, 11111111, 111111, 111-
111111111 1 1111111111 1111111, 11111111111111111111111111111111111)
1 11111 1111111 1111111 1111111111 111111111.

 

