360 1110101111 11011110. 111429.

,1 1111001111Ρο1011010, 11011111111111 1111110101101101111, 011010010111
,1111111 10110101 1111011101011101101 111111110101101010111, 1111101 10101-
,110111 0100011 11110110111011ε 111010 1111110, 11101001101111110101111011,
,0111101101 0111010111111 0101110 1100101110111 111011, 1101111111 111111-
,101011101 11010111100011111001011, 11111111 011 1 001011111011111001011110
,1011101 1111101101, 1111 w 1010111110 1101111111 0110111101, 110
,10011111110101 (11111010 1 1011111010 11111011 1 101111 10101011, 1111111
,1101111111101011 101111, 1101101110 0111111101111 1 1100110111 01111011
,0111110111οοέοί, 1111111110110111111, 11111 11001010-11110111110011010
,1111 1011110010 111110, jak 1010 1111 Ρο1011 11110 010 11111, 111 01·
,1111110 0110110101 0110111111 1101010, 0011 1101111110111011111111110, 111101-
,11111 11110111010111011010 110101011011. Ν10 0101011111111 1111101 w 10110
,0111101 1 1011011011 tego sporu; 1111111111 111011011110101011010101-
,110 1010110111, 11101111110111111101111 110111 110 10110011 01111,
,1 1101111101 110 1010111 0111111111 1110111010 1110011, 1 1111110011111111
,011110 110 011111 011 1111111 0011011101 1011011011011100101011, 11110111
,01011110 111111010110110. Ζ101111, 8111 1101111011, 11111111 w 101 110101-
,11001101 0111110 11010 011001, 1111111 0100110110 111111010111011110111,
,1101111101 11010110 10111111, 1011011101οο 1111101011 sie 10 110 111-
,1111011 1001111, 111111 10111111. 111 11111101 101101101010 1101111011, 111111-
,001101 1010 11010101, 1 1111011101 10111, 11110 11111110111 1010101011Ι
,11101111011111111111011101011101101, w 1110111111 111111 1011111111, 1 111-
,1110111 01001011 1111101011, 1011111 11110110 101011 11111 01111111 1111011-
,01101 101011. 11101111110111, 1111111010110101111 10011111 11111 1101011,
,101 1101010111, 101 1111111 1111111111 1010111 1111011, 111 10 1111011111
’ ,1111111110101010101110010101. Β11111111111011 S. Ρ10111, 1110
,1111101010 1110101111. Ν101101111111Ρ111001101 011011101010 1011.“

111101 11011111111010 1111011111111011, 111110 sigga} 1111010110] 10110101

,1111011 110111, 0111110111101101. 11100111011111001, 1001011011
,1111011 11011111011, 1101110111 101111011 1111010110111, 1011101110-
,111 1 11001010110 1101001101010110. 1110101010 11111011110100110111111-
,111101010 w (1111011010 Syna, Wladysiawa‚ 1001011010 111111010110-
„g0‚ 10100111011111011111101011101 11101 1101101, 111111111όο 11111010
,10101011 111110110101 10 1110 11011 Κο111011 1111011 11111101101111
,11110111 01101 1 1100111110 1111101111 1110111011 1 111101101011 1110010111
,1111011 1111101, 01110111011 11011 1 101101011011 101101110110111111111111
,1111111 1 11101, 111 11 101011111101010 111 mu 11111 1 1011001 001101101-

 

