111111111111111111111 1111111 11 11111111 111111111111111 1111111111
111 1111111111 op 1111 1111111111 1111111111 111111111 ι11111111111111 1
1111111111 11 11111111 11111111111111111111 ι1311111111 1111111111111
-1111111111111111111 1111111111 111111111111111111113 ι1111111111111 11111
-11111 11111 6111111 111111 111111 ι1111111111 111111111111111

11111111 111 1111111 11111111 111111 1111 1111111111

’1111 unm nou

1311 op 1111111111 11111) 1111 1 11111111 11111111 41111111111111
111111 1111111) 11111 11 ’11111111 111 1111111111 11111111111 1113111 111
-111 111111111 11111111 111111 1111111 1 ς(1111111111) 11111111 111111
1111111 1111111 11111 11111 1111111 1 ’1111111 11111111111 11111111 11
-1111111111111111 111 (1111111111 111111111111 ’11111 11111 op 11111111
-1111 1111111111 ι11111131 11 111 111 1111111 ἐ11111111111111 111111111
-od 11111111 111 1111 ι1111 op 1111111111111111111311111111 11111111 1
13111111111111111111111111111 111 1111 11111111111111111 1 1111111111
11 111111111111 (11111111111111111 1 111 1111111111111111111 ι11111111
111111111111111111 111111111 11111111 111111111111111 111111111111111 έ13
-111 111 11111111 1111111111 111111111111111 11111111 ’1111111111 ί111111
-11 1 111113 1 111111 1111111111 111111 1111111111 111 1111111111 1111111
111 11111111111111111 11111111 11111 111111111111111111 1111111111 1 1 1111
-111111111111111111111111 111 1111 111111 1 111111 111 1111111111 1111111
-11 111111 11111111 1111111111 1 1111111111111111 11111111 11111111) ·
11111 1111111 1111 111111111111111111111111111111 1 1111111111 ι11111
111 1111 1111111111 111 1111111111 11111 op 11111111 11111 11111
(1111111 11111111 1 111 ί1311111111 11.1111111111111 1111111111 (11111
-111 1 11111111111 1111111 111111111 1111111 11111111111111111

11111111 111111 1111111 ’1111
1111111111 1111111 1111111111111 Ι1111111 1 1111111111’1111111111111111

11111 1311111 11111 (1111 1111111111 [1111111111
1111 1111111111111 1111111 111 1 111 ’1111111 11111 11111111 11111111 111111
1111111111111111 1111111111 11111111 1 1111 1 111111 ι111111111 11111 1
ι131111111 1 1111111113111111111 11111111111 111111 11 111111
11111111111111 11111111 111 111111 11111111311111 11111111111 11111

Ι19 ’1111111111 111 1111111111 1111 Ἢ

 

