152 0000100000 00010000. 0. 1414.

0011000 010100010, 1000 101010100101001010000 0000 0 01010101 1 0010000010
0101010100 Ηο01010 00 010101, 01010111 00 10 11100010 1 0 01010
(1101011000 00010 01100111 1010100. 00010 11010 010 111101 1010101
(1101111, 11011010000 Ηο010100. 110000, 1001010101, 0100100οο 010
001010000 0010010010, 0101001 10010 00000 0000 0 (1101110 0 11110 1000-
10010001,1010010110101111 10 11110 11101011000, 011111000οο-
1010010 00000010 100000 101 01010 010001010 00100000000, 00 0000011101
000100001 0100010 Κ100101010 010100 1111001101000000, 010000000οο 010

01000101001010 1 0100001111010011000. 111110001Ηο0101Ρ10001111, ’

00 000101010010 01010101010101 1010100, 0110101010 1001010 11101010 11001-
0010110 0 0001011001001 10010 0. 1100101100 0010011 0111100 0001-

01000 0001010 0100100101 01011000 10 0101100010 1100101011 0111110101 1
00100, 01010 00101010 0111010 0100100100, 0 010000000 01010101100000001 0

0 010οἰ0010 (1101011101, 010011 00 101010. 110101011100 010100100 001010,
10 mimo 101100 11000101, 00010 00 0010100000 00100 01000 10111010 010010-

010 010011010001, 010 11100111001000 010001000010. 110000000 0101111101 ,
100101 (1101011, 1010 00 010010010 100010 101110100100011110101 J
0 1000 0 01000 0 00100100οἱ0, 0110100 01011000010010101 01001010001 00000 3

0010011 110101 11110010010 1101100100.

non 0001ιο1 0000.

11011 1110100100 011 1010000000 001000 0110101101 1001001010010, 00000000
00001, 1 01100000110100000010 0011010000 01010 10010100110000, 101000 011-
01000 11001000, 00110010.

11101011001111 101111, 010011010100000 10 111010 01000 001010
01001000, 10 0011 Ρο110101011, 11110001, (1101010111 1100001, 010 01010010-
10101, 10001 οΡ01100 001000 011010, 011011 10101011 01000 1100001οο, ’
Anna 001 1111000 01010000 11000 00 Ρ1111,1001,111010101010,
11011010101 (110101. Dni 00000100 0100001011 0 J 01100, 001110101010
001 0000110 00110 0100100010 10 11101000, 0101 00000 00110111010
111011100 Ρο1111 101011100101010 111011000000010101011. Ζ Κο11-
100 0101 110 10 Κο000, 1010 0 01101010 8101110 01101 00001 001111000
11011110 1110101010 Κο0110101011010. 1101010 00011010 101010 0110
011000 000000100οἰ0 10111 000000010 10110 001 00 00001010 01000011100
0100010100 001001000001; 010 010 010 01010100000, 10001010110 0 01011010
0000000100001100010. Κ1010 0011110100100 11110 Κο 00001110 0100-
10001, 000101 10 01000 Ηο0101 0. Ρ10000, 10000 1011110 110011,

 

